0.137410547629974,0.0633992899331191,-0.126204059811909,0.142242586760238,0.0278182367877152,-0.0831767004470072,0.0498154149390563,0.168570890291376,-0.00619765637967353,-0.0366881050833504,0.0664627839910638,-0.0636347555047837,0.0715598626597139,-0.0586492594998151,-0.00419028323034335,0.03318512560882,-0.0117141837223795,-0.14749816547507
0.09579332551757,0.0423295793349345,-0.0801750815072605,0.138261164041822,0.0153498240604593,-0.017532710173785,0.0301912693489298,0.142039093684031,-0.0710717097971641,-0.0261718302640517,0.121921725773471,-0.119345828315051,0.089857807441693,-0.0526015947255966,0.0470826935488869,0.0310802608166636,-0.00663395726164173,-0.163624427280416
-0.113874836085145,-0.000785543750902377,0.142026665984643,-0.135047482520714,-0.0542083075043628,0.0741145162594738,-0.0997683981652306,-0.021344692293618,-0.126938548219364,0.0800674698929235,0.0620011433587982,-0.014396480282119,-0.0798312019956819,0.0256571011403925,-0.0175005419207016,-0.00966790307138609,0.00300307296511342,0.0819266614592325
-0.0323040139537964,0.0301937534295007,0.0400255816942935,-0.111715829840531,-0.0439362636090839,0.0180340021010329,-0.0752616075614197,-0.0283276631491614,-0.0853662966573266,0.0791833723723817,-0.0254294330253065,0.0903790073279937,-0.188186725796392,-0.0388390246852666,-0.170547188001501,-0.0145021446620099,-0.00839335078551529,0.201643768055114
0.105708813631116,-0.0133661758050385,-0.0975585388489849,0.326440382928567,0.0458310784135626,-0.0954477947703128,0.140156149501239,0.109570851786107,-0.0368960182385949,-0.118545003669027,0.196295378569228,-0.264046357595174,0.47352814391421,-0.0189440293115381,0.428818395673353,-0.0169617564805467,-0.0540559999742742,-0.319686302371971
0.0882577564265083,0.00841701952996006,-0.0685468976933907,0.194222589215669,0.0292531010665668,-0.0470820143752969,0.0525141492739616,0.0942037287463794,-0.0321521584138297,-0.0475742519697957,0.149280294681627,-0.138453155743355,0.239080205901401,0.0045297720441853,0.215901175137581,-0.000992845261450026,-0.0109272259493515,-0.228445018863165
-0.0691877999195024,-0.0497567689392722,-0.0105390552259032,0.0548789969627707,0.0505058512314641,-0.029736970521432,0.0988163451149869,-0.125790711471795,0.186371177037499,-0.0880866915522232,-0.0821796270464562,0.0423223403598969,0.180294468062812,0.0554772070261345,0.178270532602519,0.0082053652943984,-0.0180923585690599,-0.00904181267349674
-0.0729677271213514,-0.0175015476514216,0.0745465676428421,-0.193918532574895,-0.00837250659639013,0.0573969798768025,-0.0575695577005371,-0.0454056406127092,-0.0434569376849635,0.0915045499437983,-0.103010655817038,0.133283308847125,-0.260172236809991,0.020009621647442,-0.165416981200783,-0.029011249850543,0.0478885207560473,0.171827473888683
-0.185795474245796,-0.0497674076841465,0.186387527216445,-0.339568362803892,-0.0323762796140764,0.12263696701051,-0.109922845984404,-0.209678367819261,0.0541956596940329,0.120321882431805,-0.280802471945777,0.28616605209009,-0.414965003960403,0.0880954067417362,-0.331755128580242,-0.024039815837405,0.0786027629031001,0.34470833076975
-0.114769832093074,-0.0858822062651269,0.094679074110626,-0.041476544867031,0.011537120877038,0.042136486835184,0.0251579685619928,-0.147453100353222,0.0938950411872534,-0.0109444690233647,-0.1015343551785,0.0410151802544517,0.00569696398287089,0.0805549277968296,0.083689194744191,-0.0239007480694557,-0.0105713272317847,0.0347020742493184
0.0046235257204369,-0.00126038807140945,-0.023517177466354,-0.087037081586048,0.00651111101772509,0.00297072498424773,-0.0134231034601058,-0.00825288469702396,0.0154109132158815,0.00798341810832546,-0.0665816570572552,0.103943902888826,-0.0867812966917288,-0.0220386320424486,-0.112632251189175,0.0317562631373823,-0.0240773456443412,0.123969105941912
-0.19389387619596,-0.0582954969239358,0.224981638318849,-0.367095391511933,-0.050732069363937,0.129309897531478,-0.126436518857184,-0.280045076380715,0.0442325745328716,0.13991495750584,-0.222085979969871,0.270272693166412,-0.386357647447135,0.0571831790503981,-0.304675742366335,-0.0273028192665954,0.0620361178123168,0.374789431701123
0.0848708355242356,0.0410187105530736,-0.0659783141998379,0.0209465814986772,0.0119250335102816,-0.0239875763872385,-0.00211199821310098,0.00607631678090167,0.0693232023383303,-0.0616284282741348,-0.0119817980888719,0.0111800702315147,-0.0313724067300025,-0.0369981934003564,-0.0994793500861367,0.0304818727533193,-0.0219745133074136,0.0522929297411127
0.054512519807906,-0.0189821728272123,-0.0695455715034062,0.232126807629668,0.0314302728043409,-0.0458133419097095,0.0421489608202656,0.0785988042053194,0.0484536456126277,-0.114498582005972,0.132485235411212,-0.231660418545977,0.291730554704313,-0.00509211861417532,0.303456708590254,0.00754522840105301,-0.0150595315283352,-0.238946083353418
0.0369683666298377,0.0175671710229146,-0.0305377385877261,0.110357376508358,-0.00584735427069384,-0.0193357506198949,0.0307541975670875,0.10081649704361,-0.00380374033440721,-0.00898217036504513,0.0461275121191371,-0.0700677415848683,0.118325285831697,-0.0212506612170058,0.098250051909838,-0.0359589633010798,-0.00408997479493853,-0.176136421329621
0.0964380907797795,-0.00695187437005892,-0.0970496566424032,0.231610113896342,0.00394384388085883,-0.0567462351960573,0.0386681248660101,0.187663193343196,-0.087526295544068,-0.0701612872118969,0.245722767484405,-0.259294209390005,0.252631919264959,-0.0351644578756322,0.260714589420788,-0.0078446020749563,-0.000411123782672319,-0.265796316948228
0.132779517068995,0.0891112818585239,-0.143250949864722,-0.000221895093653661,0.00827304469155502,-0.0556129524017374,0.0394819691707702,0.0616188459821615,0.0928118285577584,-0.00658632717193867,-0.0840752231802256,0.109870862365082,-0.0911886927790562,-0.0529400666865203,-0.248766421390583,0.0557814293819352,-0.0356268003908085,0.0620905232741067
0.0259160103410932,-0.0394492374199018,-0.0359499523241901,0.099238926771253,0.0249081781337683,-0.0322365876259199,0.106362822456801,-0.052669338309123,0.108889632879751,-0.103049515135931,0.0248070840085902,-0.0627511201053681,0.260782043584482,0.0429376682482678,0.25117124771753,0.04754333087964,-0.014005933149887,-0.0980359080125784
