18
3	-3.14		0		2	5	8	-9.3	7	1	4	3	5	7.3	2.9	4	-1.93	2	7
-4.2	1.95	5.25	2.92	-3.3	0.2	4.5	9	-4	-7	-15	-8	4.5	2.3	1.9	-13.5	0	3
21.4	2	9	2.9	9.2	0.73	0.49	0.33	6	8	2	9	12	-2.8	5.6	1.9	-4.2	3	
4	9	-2	14	0.4	7.13	2.98	-5.73	9.81	6.3	0.1	0.2	0.6	2.12	1.21	3.01	0.03	0.3	
4.5	5.6	6.7	-10.1	11.2	7.8	8.9	13.4	-1.2	-2	6	8	4.1	7.19	-9.3	-4.4	3.6	-14.5	
-18.9	19.0	2.3	3.4	2.5	6.3	3.2	8.9	5.4	1.1	4.8	0.2	6.5	3.9	9.7	1.4	7.8	2.0	
2.1	8.9	3.4	0.6	5.7	-9.1	4.5	7.8	-1.2	6.4	-8.7	2	3.5	-9.8	0.9	7.3	5.1	4.2	
7.6	1.5	8.9	2.7	6.2	0.9	4.1	5.3	9.7	3.5	7.8	1.2	5.0	2.1	6.9	8.4	4.7	0.8	
4.8	0.9	6.5	2.1	0.86	3.4	5.4	7.6	-1.5	4.8	0.6	9.3	3.2	6.5	5.2	6.7	9.1	-0.02	
2.1	3.2	4.3	5.4	6.5	7.6	0.87	9.8	-1.89	3.71	1.22	13.3	-14.4	15.5	-2.63	1.7	18.8	-1.99	
1.5	2.3	4.2	0.0	-3.5	6.7	8.1	2.2	-4.4	3.3	-1.1	5.5	6.6	-7.7	0.0	9.9	1.1	-2.2	
2.0	1.2	-3.1	5.5	-7.7	9.9	3.3	-5.5	1.1	0.0	6.6	-2.2	4.4	-8.8	7.7	0	-9.9	3.3	
-4.2	-1.1	3.3	-6.6	9.9	0.0	2.2	-5.5	7.7	-8.8	6.6	4.4	-2.2	1.1	0	3.3	5.5	-4.98	
-3.5	-7.7	5.5	-1.1	0.0	9.9	-2.2	0.56	8.8	4.4	-5.5	-9.9	1.1	-2.2	-6.6	3.3	7.7	0	
1.1	-0.5	-1.7	8.8	-6.6	3.3	-2.2	9.29	-5.5	2.2	-1.1	-3.3	0.0	5.5	4.4	-6.9	-3.8	8.6	
9.9	6.6	0	4.4	-5.5	-1.1	-3.3	-7.17	0.88	2.2	3.3	1.1	-9.9	5.35	-6.6	-4.4	-2.2	7.7	
1.23	3.21	-4.24	-0.31	2.67	-2.51	4.4	-1	9	-14	-4.73	3.72	-2	0.4	-0.6	4.71	-2.67	3.1	
1.2	3.4	5.6	7.8	9.1	2.3	4.5	6.7	8.9	1.0	2.0	3.0	4.0	5.0	0.06	7.0	8.0	0.91		