Opening file "f72.txt"!
Given block number : 16
Closing file!
Maximum number of vehicles: 4
Truck capacity : 30000
Capacities: 0 7063 51 23 3074 349 1047 698 3001 31 1135 21611 57 51 551 179 6 528 2832 1514 889 2554 1215 1810 3050 4 1563 741 1532 709 1022 883 1689 10235 29 2894 450 411 207 496 1021 117 46 8 18 561 1877 3542 801 967 62 1366 230 4 12 145 7149 2250 383 134 1947 182 3934 468 18 133 2340 754 1264 806 3665 2452
Given Dist matrix:
0.00 13.42 15.81 18.03 21.10 17.03 15.00 22.09 21.02 25.96 18.38 12.08 16.64 16.12 11.18 14.87 17.49 17.00 10.82 14.56 6.71 10.30 11.18 8.25 9.06 10.05 9.22 15.23 13.00 7.62 8.94 6.08 6.32 8.25 7.28 7.62 7.28 23.32 23.85 15.62 25.00 10.00 21.10 22.09 21.02 24.02 22.02 20.10 21.10 18.44 19.42 18.68 26.48 23.02 7.81 8.49 10.82 11.40 13.00 13.42 11.40 11.70 14.56 14.87 15.52 15.81 17.46 17.89 18.03 22.36 19.65 14.21
13.42 0.00 3.16 16.28 20.52 15.56 6.71 21.26 19.85 26.87 12.08 1.41 3.61 2.83 4.12 2.24 4.24 3.61 3.00 2.83 19.21 22.67 23.35 19.80 19.85 20.62 20.52 26.91 24.76 19.85 21.26 9.22 10.00 5.66 9.43 5.83 6.40 19.70 20.62 16.00 22.47 15.23 30.41 31.30 29.97 31.95 30.87 27.86 28.79 25.30 26.25 25.00 32.76 31.78 12.53 13.42 12.37 13.34 11.00 12.00 9.06 10.05 10.20 11.18 10.44 11.40 13.60 14.56 16.28 17.89 25.96 5.83
15.81 3.16 0.00 19.10 23.35 18.44 9.22 24.04 22.63 29.73 14.42 4.00 4.12 3.16 5.00 1.00 4.00 3.00 6.08 1.41 21.10 24.41 25.00 21.40 21.26 21.93 22.02 28.32 26.25 21.63 23.02 10.82 11.40 7.62 10.63 8.25 8.54 17.72 18.68 15.30 20.62 15.81 31.06 31.91 30.53 32.20 31.38 28.18 29.07 25.50 26.40 25.08 32.57 32.25 13.45 14.21 12.53 13.42 10.44 11.40 8.94 9.85 9.06 10.05 9.00 10.00 12.04 13.04 15.00 15.81 26.00 8.49
18.03 16.28 19.10 0.00 4.24 1.00 10.00 5.00 3.61 10.63 6.08 16.40 15.81 16.40 18.87 18.38 16.64 17.20 14.42 19.10 24.33 27.66 28.64 26.17 27.07 28.07 27.17 32.76 30.59 25.32 26.48 19.65 20.62 17.46 20.88 16.16 17.09 35.51 36.36 30.08 38.08 26.48 39.12 40.11 39.05 42.00 40.05 38.01 39.01 36.12 37.12 36.22 44.18 41.05 23.54 24.52 25.30 26.25 25.50 26.40 23.26 24.17 25.55 26.42 26.08 26.93 29.15 30.02 31.30 33.84 37.22 10.63
21.10 20.52 23.35 4.24 0.00 5.00 14.21 1.00 1.00 6.40 9.85 20.62 20.00 20.62 23.02 22.63 20.81 21.40 18.60 23.35 27.02 30.15 31.14 29.00 30.02 31.02 30.00 35.23 33.14 28.02 29.07 23.41 24.35 21.47 24.70 20.12 21.02 39.66 40.50 34.01 42.19 30.08 42.00 43.00 42.01 45.10 43.01 41.19 42.19 39.46 40.45 39.62 47.52 44.01 27.20 28.16 29.15 30.08 29.53 30.41 27.29 28.18 29.68 30.53 30.23 31.06 33.29 34.13 35.36 38.01 40.61 14.87
17.03 15.56 18.44 1.00 5.00 0.00 9.43 5.83 4.47 11.31 6.00 15.62 15.26 15.81 18.03 17.69 16.12 16.64 13.60 18.38 23.35 26.68 27.66 25.18 26.08 27.07 26.17 31.78 29.61 24.33 25.50 18.68 19.65 16.55 19.92 15.23 16.16 34.67 35.51 29.15 37.22 25.50 38.12 39.12 38.05 41.00 39.05 37.01 38.01 35.13 36.12 35.23 43.19 40.05 22.56 23.54 24.35 25.30 24.60 25.50 22.36 23.26 24.70 25.55 25.24 26.08 28.30 29.15 30.41 33.02 36.22 10.00
15.00 6.71 9.22 10.00 14.21 9.43 0.00 14.87 13.45 20.62 5.39 7.28 5.83 6.40 10.20 8.60 6.71 7.21 6.00 9.43 21.63 25.24 26.08 22.83 23.26 24.17 23.71 30.02 27.78 22.47 23.85 13.34 14.32 10.05 14.14 9.22 10.20 26.40 27.31 22.20 29.15 20.22 34.79 35.74 34.48 36.88 35.44 32.76 33.73 30.41 31.40 30.27 38.21 36.40 17.26 18.25 18.00 19.00 17.26 18.25 15.13 16.12 16.76 17.72 17.09 18.03 20.25 21.19 22.80 24.60 31.26 1.00
22.09 21.26 24.04 5.00 1.00 5.83 14.87 0.00 1.41 5.83 10.30 21.40 20.62 21.26 23.85 23.35 21.40 22.02 19.42 24.08 28.02 31.14 32.14 30.00 31.02 32.02 31.00 36.22 34.13 29.02 30.07 24.35 25.30 22.36 25.63 21.02 21.93 40.50 41.34 34.93 43.05 31.05 43.00 44.00 43.01 46.10 44.01 42.19 43.19 40.45 41.44 40.61 48.51 45.01 28.16 29.12 30.08 31.02 30.41 31.30 28.18 29.07 30.53 31.38 31.06 31.91 34.13 34.99 36.24 38.83 41.59 15.56
21.02 19.85 22.63 3.61 1.00 4.47 13.45 1.41 0.00 7.21 8.94 20.00 19.21 19.85 22.47 21.93 20.00 20.62 18.03 22.67 27.07 30.27 31.26 29.02 30.00 31.00 30.02 35.36 33.24 28.07 29.15 23.09 24.04 21.02 24.35 19.70 20.62 39.12 39.96 33.62 41.68 29.83 42.01 43.01 42.00 45.04 43.00 41.11 42.11 39.32 40.31 39.46 47.38 44.00 26.93 27.89 28.79 29.73 29.07 29.97 26.83 27.73 29.15 30.02 29.68 30.53 32.76 33.62 34.89 37.44 40.45 14.14
25.96 26.87 29.73 10.63 6.40 11.31 20.62 5.83 7.21 0.00 16.12 26.91 26.40 27.02 29.21 29.00 27.20 27.80 24.84 29.70 31.26 34.06 35.06 33.38 34.53 35.51 34.37 39.01 37.05 32.25 33.14 29.07 29.97 27.46 30.41 26.08 26.93 45.80 46.62 39.82 48.26 35.47 46.27 47.27 46.39 49.65 47.38 45.89 46.87 44.38 45.35 44.64 52.39 48.37 32.70 33.62 34.89 35.78 35.51 36.36 33.29 34.13 35.81 36.62 36.40 37.20 39.41 40.22 41.34 44.20 45.61 21.26
18.38 12.08 14.42 6.08 9.85 6.00 5.39 10.30 8.94 16.12 0.00 12.65 10.63 11.40 15.52 13.89 11.31 12.04 11.18 14.76 25.08 28.64 29.55 26.57 27.20 28.16 27.51 33.62 31.38 26.00 27.31 18.03 19.03 15.03 19.00 14.00 15.00 31.78 32.70 27.46 34.54 25.02 39.05 40.02 38.83 41.44 39.81 37.34 38.33 35.13 36.12 35.06 43.05 40.79 22.02 23.02 23.09 24.08 22.56 23.54 20.40 21.38 22.14 23.09 22.47 23.41 25.63 26.57 28.16 29.97 36.06 6.32
12.08 1.41 4.00 16.40 20.62 15.62 7.28 21.40 20.00 26.91 12.65 0.00 5.00 4.24 3.00 3.00 5.66 5.00 2.24 3.16 17.80 21.26 21.93 18.38 18.44 19.21 19.10 25.50 23.35 18.44 19.85 7.81 8.60 4.24 8.06 4.47 5.00 19.24 20.12 15.03 21.93 13.93 29.07 29.97 28.64 30.68 29.55 26.57 27.51 24.04 25.00 23.77 31.58 30.46 11.18 12.08 11.18 12.17 10.05 11.05 8.00 9.00 9.49 10.44 9.85 10.77 13.00 13.93 15.52 17.49 24.74 6.32
16.64 3.61 4.12 15.81 20.00 15.26 5.83 20.62 19.21 26.40 10.63 5.00 0.00 1.00 7.62 4.00 1.00 1.41 5.83 5.00 22.67 26.17 26.87 23.35 23.43 24.21 24.08 30.48 28.32 23.35 24.76 12.81 13.60 9.22 13.04 9.22 9.90 21.84 22.80 19.10 24.74 18.79 34.00 34.89 33.54 35.47 34.44 31.38 32.31 28.79 29.73 28.46 36.14 35.34 16.12 17.00 15.81 16.76 14.14 15.13 12.37 13.34 13.00 14.00 13.04 14.04 16.12 17.12 19.03 19.92 29.41 5.39
16.12 2.83 3.16 16.40 20.62 15.81 6.40 21.26 19.85 27.02 11.40 4.24 1.00 0.00 6.71 3.00 1.41 1.00 5.39 4.00 22.02 25.50 26.17 22.63 22.67 23.43 23.35 29.73 27.59 22.67 24.08 12.04 12.81 8.49 12.21 8.60 9.22 20.88 21.84 18.11 23.77 17.89 33.12 34.00 32.65 34.54 33.54 30.46 31.38 27.86 28.79 27.51 35.17 34.44 15.26 16.12 14.87 15.81 13.15 14.14 11.40 12.37 12.00 13.00 12.04 13.04 15.13 16.12 18.03 18.97 28.46 5.83
11.18 4.12 5.00 18.87 23.02 18.03 10.20 23.85 22.47 29.21 15.52 3.00 7.62 6.71 0.00 4.24 8.06 7.21 4.47 3.61 16.12 19.42 20.00 16.40 16.28 16.97 17.03 23.35 21.26 16.64 18.03 5.83 6.40 3.00 5.66 4.12 4.00 16.64 17.49 12.04 19.24 11.18 26.42 27.29 25.94 27.86 26.83 23.77 24.70 21.19 22.14 20.88 28.64 27.73 8.60 9.43 8.25 9.22 7.07 8.06 5.00 6.00 6.71 7.62 7.21 8.06 10.30 11.18 12.65 15.00 21.84 9.22
14.87 2.24 1.00 18.38 22.63 17.69 8.60 23.35 21.93 29.00 13.89 3.00 4.00 3.00 4.24 0.00 4.12 3.16 5.10 1.00 20.25 23.60 24.21 20.62 20.52 21.21 21.26 27.59 25.50 20.81 22.20 10.00 10.63 6.71 9.90 7.28 7.62 18.03 18.97 15.13 20.88 15.26 30.53 31.38 30.02 31.78 30.89 27.73 28.64 25.08 26.00 24.70 32.28 31.76 12.81 13.60 12.08 13.00 10.20 11.18 8.54 9.49 9.00 10.00 9.06 10.05 12.17 13.15 15.03 16.16 25.63 7.81
17.49 4.24 4.00 16.64 20.81 16.12 6.71 21.40 20.00 27.20 11.31 5.66 1.00 1.41 8.06 4.12 0.00 1.00 6.71 5.10 23.43 26.91 27.59 24.04 24.08 24.84 24.76 31.14 29.00 24.08 25.50 13.45 14.21 9.90 13.60 10.00 10.63 21.59 22.56 19.24 24.52 19.24 34.48 35.36 34.00 35.85 34.89 31.78 32.70 29.15 30.08 28.79 36.40 35.78 16.64 17.49 16.16 17.09 14.32 15.30 12.65 13.60 13.04 14.04 13.00 14.00 16.03 17.03 19.00 19.65 29.73 6.32
17.00 3.61 3.00 17.20 21.40 16.64 7.21 22.02 20.62 27.80 12.04 5.00 1.41 1.00 7.21 3.16 1.00 0.00 6.32 4.12 22.80 26.25 26.91 23.35 23.35 24.08 24.04 30.41 28.28 23.43 24.84 12.73 13.45 9.22 12.81 9.43 10.00 20.62 21.59 18.25 23.54 18.36 33.62 34.48 33.12 34.93 34.00 30.87 31.78 28.23 29.15 27.86 35.44 34.89 15.81 16.64 15.23 16.16 13.34 14.32 11.70 12.65 12.04 13.04 12.00 13.00 15.03 16.03 18.00 18.68 28.79 6.71
10.82 3.00 6.08 14.42 18.60 13.60 6.00 19.42 18.03 24.84 11.18 2.24 5.83 5.39 4.47 5.10 6.71 6.32 0.00 5.39 16.97 20.52 21.26 17.80 18.03 18.87 18.60 25.00 22.80 17.69 19.10 7.62 8.54 4.12 8.25 3.61 4.47 21.10 21.95 16.28 23.71 14.32 29.15 30.08 28.79 31.05 29.73 26.93 27.89 24.52 25.50 24.33 32.25 30.68 11.40 12.37 12.00 13.00 11.40 12.37 9.22 10.20 11.18 12.08 11.66 12.53 14.76 15.65 17.09 19.42 25.32 5.00
14.56 2.83 1.41 19.10 23.35 18.38 9.43 24.08 22.67 29.70 14.76 3.16 5.00 4.00 3.61 1.00 5.10 4.12 5.39 0.00 19.72 23.02 23.60 20.00 19.85 20.52 20.62 26.91 24.84 20.25 21.63 9.43 10.00 6.32 9.22 7.07 7.28 17.09 18.03 14.14 19.92 14.42 29.68 30.53 29.15 30.87 30.02 26.83 27.73 24.17 25.08 23.77 31.32 30.89 12.04 12.81 11.18 12.08 9.22 10.20 7.62 8.54 8.00 9.00 8.06 9.06 11.18 12.17 14.04 15.23 24.70 8.60
6.71 19.21 21.10 24.33 27.02 23.35 21.63 28.02 27.07 31.26 25.08 17.80 22.67 22.02 16.12 20.25 23.43 22.80 16.97 19.72 0.00 3.61 4.47 2.24 3.61 4.47 3.16 8.54 6.32 1.00 2.24 10.30 9.85 13.60 10.77 13.45 12.81 23.77 24.04 15.52 24.70 9.22 15.03 16.03 15.13 18.44 16.12 14.87 15.81 13.89 14.76 14.42 21.54 17.12 9.06 9.00 12.00 12.04 15.03 15.00 14.32 14.14 17.12 17.03 18.11 18.03 19.03 19.10 18.44 23.35 15.26 20.81
10.30 22.67 24.41 27.66 30.15 26.68 25.24 31.14 30.27 34.06 28.64 21.26 26.17 25.50 19.42 23.60 26.91 26.25 20.52 23.02 3.61 0.00 1.00 3.16 4.00 4.12 3.00 5.10 3.00 2.83 1.41 13.60 13.04 17.03 13.89 16.97 16.28 25.18 25.32 17.03 25.71 11.05 12.37 13.34 12.65 16.16 13.60 13.04 13.89 12.73 13.45 13.45 19.72 14.56 11.70 11.40 14.32 14.14 17.46 17.26 17.09 16.76 19.65 19.42 20.62 20.40 21.10 21.02 20.02 25.02 14.14 24.41
11.18 23.35 25.00 28.64 31.14 27.66 26.08 32.14 31.26 35.06 29.55 21.93 26.87 26.17 20.00 24.21 27.59 26.91 21.26 23.60 4.47 1.00 0.00 3.61 4.12 4.00 3.16 4.12 2.00 3.61 2.24 14.21 13.60 17.69 14.42 17.69 16.97 25.08 25.18 17.00 25.50 11.18 11.40 12.37 11.70 15.23 12.65 12.21 13.04 12.04 12.73 12.81 18.87 13.60 12.08 11.70 14.56 14.32 17.72 17.46 17.46 17.09 19.92 19.65 20.88 20.62 21.21 21.10 20.00 25.00 13.45 25.24
8.25 19.80 21.40 26.17 29.00 25.18 22.83 30.00 29.02 33.38 26.57 18.38 23.35 22.63 16.40 20.62 24.04 23.35 17.80 20.00 2.24 3.16 3.61 0.00 1.41 2.24 1.00 7.21 5.00 1.41 2.00 10.63 10.00 14.14 10.82 14.21 13.45 22.36 22.56 14.14 23.09 8.00 13.00 14.00 13.04 16.28 14.04 12.65 13.60 11.66 12.53 12.21 19.31 15.03 8.54 8.25 11.18 11.05 14.32 14.14 13.93 13.60 16.49 16.28 17.46 17.26 18.03 18.00 17.12 22.09 13.04 21.95
9.06 19.85 21.26 27.07 30.02 26.08 23.26 31.02 30.00 34.53 27.20 18.44 23.43 22.67 16.28 20.52 24.08 23.35 18.03 19.85 3.61 4.00 4.12 1.41 0.00 1.00 1.00 7.07 5.00 2.83 3.16 10.63 9.90 14.21 10.63 14.42 13.60 21.21 21.38 13.04 21.84 7.07 12.04 13.04 12.00 15.13 13.00 11.40 12.37 10.30 11.18 10.82 18.03 14.00 8.06 7.62 10.44 10.20 13.60 13.34 13.42 13.00 15.81 15.52 16.76 16.49 17.12 17.03 16.03 21.02 11.66 22.36
10.05 20.62 21.93 28.07 31.02 27.07 24.17 32.02 31.00 35.51 28.16 19.21 24.21 23.43 16.97 21.21 24.84 24.08 18.87 20.52 4.47 4.12 4.00 2.24 1.00 0.00 1.41 6.40 4.47 3.61 3.61 11.40 10.63 15.00 11.31 15.26 14.42 21.10 21.21 13.00 21.59 7.28 11.05 12.04 11.00 14.14 12.00 10.44 11.40 9.43 10.30 10.00 17.09 13.00 8.60 8.06 10.77 10.44 13.93 13.60 13.89 13.42 16.16 15.81 17.09 16.76 17.26 17.12 16.00 21.00 10.82 23.26
9.22 20.52 22.02 27.17 30.00 26.17 23.71 31.00 30.02 34.37 27.51 19.10 24.08 23.35 17.03 21.26 24.76 24.04 18.60 20.62 3.16 3.00 3.16 1.00 1.00 1.41 0.00 6.40 4.24 2.24 2.24 11.31 10.63 14.87 11.40 15.00 14.21 22.20 22.36 14.04 22.80 8.06 12.00 13.00 12.04 15.30 13.04 11.70 12.65 10.82 11.66 11.40 18.38 14.04 8.94 8.54 11.40 11.18 14.56 14.32 14.32 13.93 16.76 16.49 17.72 17.46 18.11 18.03 17.03 22.02 12.21 22.83
15.23 26.91 28.32 32.76 35.23 31.78 30.02 36.22 35.36 39.01 33.62 25.50 30.48 29.73 23.35 27.59 31.14 30.41 25.00 26.91 8.54 5.10 4.12 7.21 7.07 6.40 6.40 0.00 2.24 7.62 6.32 17.69 16.97 21.26 17.69 21.40 20.62 26.08 26.02 18.44 26.02 13.42 8.06 8.94 8.60 12.21 9.43 10.00 10.63 10.77 11.18 11.70 16.28 10.30 15.00 14.42 17.00 16.55 20.12 19.70 20.25 19.72 22.36 21.93 23.26 22.85 23.09 22.80 21.38 26.31 12.08 29.15
13.00 24.76 26.25 30.59 33.14 29.61 27.78 34.13 33.24 37.05 31.38 23.35 28.32 27.59 21.26 25.50 29.00 28.28 22.80 24.84 6.32 3.00 2.00 5.00 5.00 4.47 4.24 2.24 0.00 5.39 4.12 15.56 14.87 19.10 15.62 19.21 18.44 25.00 25.02 17.12 25.18 11.70 9.49 10.44 9.85 13.42 10.77 10.63 11.40 10.82 11.40 11.66 17.20 11.70 13.04 12.53 15.23 14.87 18.38 18.03 18.36 17.89 20.62 20.25 21.54 21.19 21.59 21.38 20.10 25.08 12.21 26.93
7.62 19.85 21.63 25.32 28.02 24.33 22.47 29.02 28.07 32.25 26.00 18.44 23.35 22.67 16.64 20.81 24.08 23.43 17.69 20.25 1.00 2.83 3.61 1.41 2.83 3.61 2.24 7.62 5.39 0.00 1.41 10.82 10.30 14.21 11.18 14.14 13.45 23.54 23.77 15.30 24.35 9.06 14.04 15.03 14.14 17.46 15.13 13.93 14.87 13.04 13.89 13.60 20.62 16.12 9.22 9.06 12.04 12.00 15.13 15.03 14.56 14.32 17.26 17.12 18.25 18.11 19.00 19.03 18.25 23.19 14.42 21.63
8.94 21.26 23.02 26.48 29.07 25.50 23.85 30.07 29.15 33.14 27.31 19.85 24.76 24.08 18.03 22.20 25.50 24.84 19.10 21.63 2.24 1.41 2.24 2.00 3.16 3.61 2.24 6.32 4.12 1.41 0.00 12.21 11.66 15.62 12.53 15.56 14.87 24.33 24.52 16.12 25.00 10.00 13.15 14.14 13.34 16.76 14.32 13.42 14.32 12.81 13.60 13.45 20.12 15.30 10.44 10.20 13.15 13.04 16.28 16.12 15.81 15.52 18.44 18.25 19.42 19.24 20.02 20.00 19.10 24.08 14.21 23.02
6.08 9.22 10.82 19.65 23.41 18.68 13.34 24.35 23.09 29.07 18.03 7.81 12.81 12.04 5.83 10.00 13.45 12.73 7.62 9.43 10.30 13.60 14.21 10.63 10.63 11.40 11.31 17.69 15.56 10.82 12.21 0.00 1.00 3.61 1.41 4.12 3.16 17.80 18.44 10.82 19.80 7.00 21.54 22.47 21.19 23.54 22.14 19.42 20.40 17.12 18.11 17.03 25.02 23.09 4.00 5.00 5.83 6.71 7.21 7.81 5.39 5.83 8.54 8.94 9.49 9.85 11.66 12.21 12.73 16.64 18.03 12.37
6.32 10.00 11.40 20.62 24.35 19.65 14.32 25.30 24.04 29.97 19.03 8.60 13.60 12.81 6.40 10.63 14.21 13.45 8.54 10.00 9.85 13.04 13.60 10.00 9.90 10.63 10.63 16.97 14.87 10.30 11.66 1.00 0.00 4.47 1.00 5.10 4.12 17.20 17.80 10.00 19.10 6.00 20.62 21.54 20.25 22.56 21.19 18.44 19.42 16.12 17.12 16.03 24.02 22.14 3.00 4.00 5.00 5.83 6.71 7.21 5.10 5.39 8.25 8.54 9.22 9.49 11.18 11.66 12.04 16.12 17.03 13.34
8.25 5.66 7.62 17.46 21.47 16.55 10.05 22.36 21.02 27.46 15.03 4.24 9.22 8.49 3.00 6.71 9.90 9.22 4.12 6.32 13.60 17.03 17.69 14.14 14.21 15.00 14.87 21.26 19.10 14.21 15.62 3.61 4.47 0.00 4.12 1.41 1.00 18.44 19.21 12.65 20.81 10.20 25.08 26.00 24.70 26.93 25.63 22.80 23.77 20.40 21.38 20.22 28.16 26.57 7.28 8.25 8.06 9.06 8.06 8.94 5.83 6.71 8.49 9.22 9.22 9.90 12.04 12.81 13.89 16.97 21.21 9.06
7.28 9.43 10.63 20.88 24.70 19.92 14.14 25.63 24.35 30.41 19.00 8.06 13.04 12.21 5.66 9.90 13.60 12.81 8.25 9.22 10.77 13.89 14.42 10.82 10.63 11.31 11.40 17.69 15.62 11.18 12.53 1.41 1.00 4.12 0.00 5.00 4.00 16.40 17.03 9.43 18.38 6.08 21.02 21.93 20.62 22.80 21.54 18.68 19.65 16.28 17.26 16.12 24.08 22.47 3.16 4.12 4.47 5.39 5.83 6.40 4.12 4.47 7.28 7.62 8.25 8.54 10.30 10.82 11.31 15.26 17.12 13.15
7.62 5.83 8.25 16.16 20.12 15.23 9.22 21.02 19.70 26.08 14.00 4.47 9.22 8.60 4.12 7.28 10.00 9.43 3.61 7.07 13.45 16.97 17.69 14.21 14.42 15.26 15.00 21.40 19.21 14.14 15.56 4.12 5.10 1.41 5.00 0.00 1.00 19.85 20.62 13.93 22.20 11.05 25.63 26.57 25.30 27.66 26.25 23.54 24.52 21.21 22.20 21.10 29.07 27.20 8.06 9.06 9.22 10.20 9.43 10.30 7.21 8.06 9.90 10.63 10.63 11.31 13.45 14.21 15.26 18.38 22.09 8.25
7.28 6.40 8.54 17.09 21.02 16.16 10.20 21.93 20.62 26.93 15.00 5.00 9.90 9.22 4.00 7.62 10.63 10.00 4.47 7.28 12.81 16.28 16.97 13.45 13.60 14.42 14.21 20.62 18.44 13.45 14.87 3.16 4.12 1.00 4.00 1.00 0.00 19.10 19.85 13.00 21.40 10.05 24.70 25.63 24.35 26.68 25.30 22.56 23.54 20.22 21.21 20.10 28.07 26.25 7.07 8.06 8.25 9.22 8.60 9.43 6.40 7.21 9.22 9.90 10.00 10.63 12.73 13.45 14.42 17.69 21.10 9.22
23.32 19.70 17.72 35.51 39.66 34.67 26.40 40.50 39.12 45.80 31.78 19.24 21.84 20.88 16.64 18.03 21.59 20.62 21.10 17.09 23.77 25.18 25.08 22.36 21.21 21.10 22.20 26.08 25.00 23.54 24.33 17.80 17.20 18.44 16.40 19.85 19.10 0.00 1.00 8.25 3.00 14.56 23.77 24.17 22.85 22.47 23.26 19.70 20.12 17.09 17.46 16.16 20.52 23.71 15.65 15.23 12.53 12.08 10.63 10.00 12.73 12.04 10.00 9.22 9.43 8.60 6.40 5.66 5.39 2.00 16.55 25.50
23.85 20.62 18.68 36.36 40.50 35.51 27.31 41.34 39.96 46.62 32.70 20.12 22.80 21.84 17.49 18.97 22.56 21.59 21.95 18.03 24.04 25.32 25.18 22.56 21.38 21.21 22.36 26.02 25.02 23.77 24.52 18.44 17.80 19.21 17.03 20.62 19.85 1.00 0.00 8.54 2.00 14.87 23.41 23.77 22.47 21.95 22.85 19.31 19.70 16.76 17.09 15.81 19.85 23.26 16.12 15.65 13.04 12.53 11.31 10.63 13.45 12.73 10.82 10.00 10.30 9.43 7.21 6.40 5.83 3.00 16.16 26.40
15.62 16.00 15.30 30.08 34.01 29.15 22.20 34.93 33.62 39.82 27.46 15.03 19.10 18.11 12.04 15.13 19.24 18.25 16.28 14.14 15.52 17.03 17.00 14.14 13.04 13.00 14.04 18.44 17.12 15.30 16.12 10.82 10.00 12.65 9.43 13.93 13.00 8.25 8.54 0.00 9.43 6.32 17.80 18.44 17.03 17.80 17.69 14.14 14.87 11.31 12.04 10.63 17.46 18.38 7.81 7.21 5.00 4.24 5.00 4.00 7.07 6.08 6.32 5.39 6.71 5.83 5.00 4.47 3.00 8.00 11.40 21.21
25.00 22.47 20.62 38.08 42.19 37.22 29.15 43.05 41.68 48.26 34.54 21.93 24.74 23.77 19.24 20.88 24.52 23.54 23.71 19.92 24.70 25.71 25.50 23.09 21.84 21.59 22.80 26.02 25.18 24.35 25.00 19.80 19.10 20.81 18.38 22.20 21.40 3.00 2.00 9.43 0.00 15.65 22.80 23.09 21.84 21.02 22.14 18.68 18.97 16.28 16.49 15.30 18.60 22.47 17.20 16.64 14.21 13.60 12.81 12.04 15.00 14.21 12.53 11.66 12.08 11.18 8.94 8.06 7.07 5.00 15.52 28.23
10.00 15.23 15.81 26.48 30.08 25.50 20.22 31.05 29.83 35.47 25.02 13.93 18.79 17.89 11.18 15.26 19.24 18.36 14.32 14.42 9.22 11.05 11.18 8.00 7.07 7.28 8.06 13.42 11.70 9.06 10.00 7.00 6.00 10.20 6.08 11.05 10.05 14.56 14.87 6.32 15.65 0.00 15.26 16.12 14.76 16.76 15.65 12.65 13.60 10.20 11.18 10.05 18.03 16.55 3.00 2.00 3.61 3.16 6.71 6.32 7.07 6.40 8.94 8.54 9.85 9.49 10.05 10.00 9.22 14.14 11.05 19.24
21.10 30.41 31.06 39.12 42.00 38.12 34.79 43.00 42.01 46.27 39.05 29.07 34.00 33.12 26.42 30.53 34.48 33.62 29.15 29.68 15.03 12.37 11.40 13.00 12.04 11.05 12.00 8.06 9.49 14.04 13.15 21.54 20.62 25.08 21.02 25.63 24.70 23.77 23.41 17.80 22.80 15.26 0.00 1.00 1.00 4.24 1.41 4.12 4.00 6.71 6.32 7.62 8.60 2.24 17.89 17.00 18.60 17.80 21.26 20.52 22.20 21.40 23.35 22.63 24.04 23.35 22.80 22.20 20.25 24.60 7.28 33.84
22.09 31.30 31.91 40.11 43.00 39.12 35.74 44.00 43.01 47.27 40.02 29.97 34.89 34.00 27.29 31.38 35.36 34.48 30.08 30.53 16.03 13.34 12.37 14.00 13.04 12.04 13.00 8.94 10.44 15.03 14.14 22.47 21.54 26.00 21.93 26.57 25.63 24.17 23.77 18.44 23.09 16.12 1.00 0.00 1.41 3.61 1.00 4.47 4.12 7.21 6.71 8.06 8.06 1.41 18.79 17.89 19.42 18.60 22.02 21.26 23.02 22.20 24.08 23.35 24.76 24.04 23.43 22.80 20.81 25.06 7.62 34.79
21.02 29.97 30.53 39.05 42.01 38.05 34.48 43.01 42.00 46.39 38.83 28.64 33.54 32.65 25.94 30.02 34.00 33.12 28.79 29.15 15.13 12.65 11.70 13.04 12.00 11.00 12.04 8.60 9.85 14.14 13.34 21.19 20.25 24.70 20.62 25.30 24.35 22.85 22.47 17.03 21.84 14.76 1.00 1.41 0.00 3.61 1.00 3.16 3.00 5.83 5.39 6.71 7.81 2.00 17.46 16.55 18.03 17.20 20.62 19.85 21.63 20.81 22.67 21.93 23.35 22.63 22.02 21.40 19.42 23.71 6.32 33.53
24.02 31.95 32.20 42.00 45.10 41.00 36.88 46.10 45.04 49.65 41.44 30.68 35.47 34.54 27.86 31.78 35.85 34.93 31.05 30.87 18.44 16.16 15.23 16.28 15.13 14.14 15.30 12.21 13.42 17.46 16.76 23.54 22.56 26.93 22.80 27.66 26.68 22.47 21.95 17.80 21.02 16.76 4.24 3.61 3.61 0.00 2.83 4.12 3.16 6.71 5.83 7.21 4.47 2.24 19.65 18.68 19.70 18.79 21.95 21.10 23.26 22.36 23.85 23.02 24.41 23.60 22.67 21.93 19.80 23.60 6.40 35.90
22.02 30.87 31.38 40.05 43.01 39.05 35.44 44.01 43.00 47.38 39.81 29.55 34.44 33.54 26.83 30.89 34.89 34.00 29.73 30.02 16.12 13.60 12.65 14.04 13.00 12.00 13.04 9.43 10.77 15.13 14.32 22.14 21.19 25.63 21.54 26.25 25.30 23.26 22.85 17.69 22.14 15.65 1.41 1.00 1.00 2.83 0.00 3.61 3.16 6.40 5.83 7.21 7.21 1.00 18.38 17.46 18.87 18.03 21.40 20.62 22.47 21.63 23.43 22.67 24.08 23.35 22.67 22.02 20.00 24.19 6.71 34.48
20.10 27.86 28.18 38.01 41.19 37.01 32.76 42.19 41.11 45.89 37.34 26.57 31.38 30.46 23.77 27.73 31.78 30.87 26.93 26.83 14.87 13.04 12.21 12.65 11.40 10.44 11.70 10.00 10.63 13.93 13.42 19.42 18.44 22.80 18.68 23.54 22.56 19.70 19.31 14.14 18.68 12.65 4.12 4.47 3.16 4.12 3.61 0.00 1.00 2.83 2.24 3.61 6.71 4.24 15.52 14.56 15.65 14.76 18.03 17.20 19.24 18.36 20.00 19.21 20.62 19.85 19.10 18.44 16.40 20.59 3.16 31.78
21.10 28.79 29.07 39.01 42.19 38.01 33.73 43.19 42.11 46.87 38.33 27.51 32.31 31.38 24.70 28.64 32.70 31.78 27.89 27.73 15.81 13.89 13.04 13.60 12.37 11.40 12.65 10.63 11.40 14.87 14.32 20.40 19.42 23.77 19.65 24.52 23.54 20.12 19.70 14.87 18.97 13.60 4.00 4.12 3.00 3.16 3.16 1.00 0.00 3.61 2.83 4.24 5.83 3.61 16.49 15.52 16.55 15.65 18.87 18.03 20.12 19.24 20.81 20.00 21.40 20.62 19.80 19.10 17.03 21.10 3.61 32.76
18.44 25.30 25.50 36.12 39.46 35.13 30.41 40.45 39.32 44.38 35.13 24.04 28.79 27.86 21.19 25.08 29.15 28.23 24.52 24.17 13.89 12.73 12.04 11.66 10.30 9.43 10.82 10.77 10.82 13.04 12.81 17.12 16.12 20.40 16.28 21.21 20.22 17.09 16.76 11.31 16.28 10.20 6.71 7.21 5.83 6.71 6.40 2.83 3.61 0.00 1.00 1.00 8.06 7.07 13.15 12.17 13.00 12.08 15.26 14.42 16.55 15.65 17.20 16.40 17.80 17.03 16.28 15.62 13.60 17.89 1.41 29.43
19.42 26.25 26.40 37.12 40.45 36.12 31.40 41.44 40.31 45.35 36.12 25.00 29.73 28.79 22.14 26.00 30.08 29.15 25.50 25.08 14.76 13.45 12.73 12.53 11.18 10.30 11.66 11.18 11.40 13.89 13.60 18.11 17.12 21.38 17.26 22.20 21.21 17.46 17.09 12.04 16.49 11.18 6.32 6.71 5.39 5.83 5.83 2.24 2.83 1.00 0.00 1.41 7.07 6.40 14.14 13.15 13.93 13.00 16.12 15.26 17.46 16.55 18.03 17.20 18.60 17.80 16.97 16.28 14.21 18.36 1.00 30.41
18.68 25.00 25.08 36.22 39.62 35.23 30.27 40.61 39.46 44.64 35.06 23.77 28.46 27.51 20.88 24.70 28.79 27.86 24.33 23.77 14.42 13.45 12.81 12.21 10.82 10.00 11.40 11.70 11.66 13.60 13.45 17.03 16.03 20.22 16.12 21.10 20.10 16.16 15.81 10.63 15.30 10.05 7.62 8.06 6.71 7.21 7.21 3.61 4.24 1.00 1.41 0.00 8.00 7.81 13.04 12.04 12.65 11.70 14.76 13.89 16.16 15.23 16.64 15.81 17.20 16.40 15.56 14.87 12.81 17.00 1.00 29.27
26.48 32.76 32.57 44.18 47.52 43.19 38.21 48.51 47.38 52.39 43.05 31.58 36.14 35.17 28.64 32.28 36.40 35.44 32.25 31.32 21.54 19.72 18.87 19.31 18.03 17.09 18.38 16.28 17.20 20.62 20.12 25.02 24.02 28.16 24.08 29.07 28.07 20.52 19.85 17.46 18.60 18.03 8.60 8.06 7.81 4.47 7.21 6.71 5.83 8.06 7.07 8.00 0.00 6.71 21.02 20.02 20.40 19.42 22.14 21.19 23.77 22.80 23.77 22.85 24.17 23.26 21.95 21.10 18.87 21.93 7.00 37.22
23.02 31.78 32.25 41.05 44.01 40.05 36.40 45.01 44.00 48.37 40.79 30.46 35.34 34.44 27.73 31.76 35.78 34.89 30.68 30.89 17.12 14.56 13.60 15.03 14.00 13.00 14.04 10.30 11.70 16.12 15.30 23.09 22.14 26.57 22.47 27.20 26.25 23.71 23.26 18.38 22.47 16.55 2.24 1.41 2.00 2.24 1.00 4.24 3.61 7.07 6.40 7.81 6.71 0.00 19.31 18.38 19.72 18.87 22.20 21.40 23.32 22.47 24.21 23.43 24.84 24.08 23.35 22.67 20.62 24.70 7.21 35.44
7.81 12.53 13.45 23.54 27.20 22.56 17.26 28.16 26.93 32.70 22.02 11.18 16.12 15.26 8.60 12.81 16.64 15.81 11.40 12.04 9.06 11.70 12.08 8.54 8.06 8.60 8.94 15.00 13.04 9.22 10.44 4.00 3.00 7.28 3.16 8.06 7.07 15.65 16.12 7.81 17.20 3.00 17.89 18.79 17.46 19.65 18.38 15.52 16.49 13.15 14.14 13.04 21.02 19.31 0.00 1.00 3.16 3.61 6.00 6.08 5.39 5.10 8.06 8.00 9.06 9.00 10.20 10.44 10.30 14.87 14.04 16.28
8.49 13.42 14.21 24.52 28.16 23.54 18.25 29.12 27.89 33.62 23.02 12.08 17.00 16.12 9.43 13.60 17.49 16.64 12.37 12.81 9.00 11.40 11.70 8.25 7.62 8.06 8.54 14.42 12.53 9.06 10.20 5.00 4.00 8.25 4.12 9.06 8.06 15.23 15.65 7.21 16.64 2.00 17.00 17.89 16.55 18.68 17.46 14.56 15.52 12.17 13.15 12.04 20.02 18.38 1.00 0.00 3.00 3.16 6.08 6.00 5.83 5.39 8.25 8.06 9.22 9.06 10.05 10.20 9.85 14.56 13.04 17.26
10.82 12.37 12.53 25.30 29.15 24.35 18.00 30.08 28.79 34.89 23.09 11.18 15.81 14.87 8.25 12.08 16.16 15.23 12.00 11.18 12.00 14.32 14.56 11.18 10.44 10.77 11.40 17.00 15.23 12.04 13.15 5.83 5.00 8.06 4.47 9.22 8.25 12.53 13.04 5.00 14.21 3.61 18.60 19.42 18.03 19.70 18.87 15.65 16.55 13.00 13.93 12.65 20.40 19.72 3.16 3.00 0.00 1.00 3.16 3.00 3.61 2.83 5.39 5.10 6.32 6.08 7.07 7.28 7.21 11.70 13.60 17.00
11.40 13.34 13.42 26.25 30.08 25.30 19.00 31.02 29.73 35.78 24.08 12.17 16.76 15.81 9.22 13.00 17.09 16.16 13.00 12.08 12.04 14.14 14.32 11.05 10.20 10.44 11.18 16.55 14.87 12.00 13.04 6.71 5.83 9.06 5.39 10.20 9.22 12.08 12.53 4.24 13.60 3.16 17.80 18.60 17.20 18.79 18.03 14.76 15.65 12.08 13.00 11.70 19.42 18.87 3.61 3.16 1.00 0.00 3.61 3.16 4.47 3.61 5.83 5.39 6.71 6.32 7.00 7.07 6.71 11.40 12.65 18.00
13.00 11.00 10.44 25.50 29.53 24.60 17.26 30.41 29.07 35.51 22.56 10.05 14.14 13.15 7.07 10.20 14.32 13.34 11.40 9.22 15.03 17.46 17.72 14.32 13.60 13.93 14.56 20.12 18.38 15.13 16.28 7.21 6.71 8.06 5.83 9.43 8.60 10.63 11.31 5.00 12.81 6.71 21.26 22.02 20.62 21.95 21.40 18.03 18.87 15.26 16.12 14.76 22.14 22.20 6.00 6.08 3.16 3.61 0.00 1.00 2.24 1.41 2.24 2.00 3.16 3.00 4.47 5.00 5.83 9.43 15.65 16.28
13.42 12.00 11.40 26.40 30.41 25.50 18.25 31.30 29.97 36.36 23.54 11.05 15.13 14.14 8.06 11.18 15.30 14.32 12.37 10.20 15.00 17.26 17.46 14.14 13.34 13.60 14.32 19.70 18.03 15.03 16.12 7.81 7.21 8.94 6.40 10.30 9.43 10.00 10.63 4.00 12.04 6.32 20.52 21.26 19.85 21.10 20.62 17.20 18.03 14.42 15.26 13.89 21.19 21.40 6.08 6.00 3.00 3.16 1.00 0.00 3.16 2.24 2.83 2.24 3.61 3.16 4.12 4.47 5.00 8.94 14.76 17.26
11.40 9.06 8.94 23.26 27.29 22.36 15.13 28.18 26.83 33.29 20.40 8.00 12.37 11.40 5.00 8.54 12.65 11.70 9.22 7.62 14.32 17.09 17.46 13.93 13.42 13.89 14.32 20.25 18.36 14.56 15.81 5.39 5.10 5.83 4.12 7.21 6.40 12.73 13.45 7.07 15.00 7.07 22.20 23.02 21.63 23.26 22.47 19.24 20.12 16.55 17.46 16.16 23.77 23.32 5.39 5.83 3.61 4.47 2.24 3.16 0.00 1.00 3.16 3.61 4.12 4.47 6.40 7.07 8.06 11.40 17.09 14.14
11.70 10.05 9.85 24.17 28.18 23.26 16.12 29.07 27.73 34.13 21.38 9.00 13.34 12.37 6.00 9.49 13.60 12.65 10.20 8.54 14.14 16.76 17.09 13.60 13.00 13.42 13.93 19.72 17.89 14.32 15.52 5.83 5.39 6.71 4.47 8.06 7.21 12.04 12.73 6.08 14.21 6.40 21.40 22.20 20.81 22.36 21.63 18.36 19.24 15.65 16.55 15.23 22.80 22.47 5.10 5.39 2.83 3.61 1.41 2.24 1.00 0.00 3.00 3.16 4.00 4.12 5.83 6.40 7.21 10.82 16.16 15.13
14.56 10.20 9.06 25.55 29.68 24.70 16.76 30.53 29.15 35.81 22.14 9.49 13.00 12.00 6.71 9.00 13.04 12.04 11.18 8.00 17.12 19.65 19.92 16.49 15.81 16.16 16.76 22.36 20.62 17.26 18.44 8.54 8.25 8.49 7.28 9.90 9.22 10.00 10.82 6.32 12.53 8.94 23.35 24.08 22.67 23.85 23.43 20.00 20.81 17.20 18.03 16.64 23.77 24.21 8.06 8.25 5.39 5.83 2.24 2.83 3.16 3.00 0.00 1.00 1.00 1.41 3.61 4.47 6.08 8.49 17.49 15.81
14.87 11.18 10.05 26.42 30.53 25.55 17.72 31.38 30.02 36.62 23.09 10.44 14.00 13.00 7.62 10.00 14.04 13.04 12.08 9.00 17.03 19.42 19.65 16.28 15.52 15.81 16.49 21.93 20.25 17.12 18.25 8.94 8.54 9.22 7.62 10.63 9.90 9.22 10.00 5.39 11.66 8.54 22.63 23.35 21.93 23.02 22.67 19.21 20.00 16.40 17.20 15.81 22.85 23.43 8.00 8.06 5.10 5.39 2.00 2.24 3.61 3.16 1.00 0.00 1.41 1.00 2.83 3.61 5.10 7.81 16.64 16.76
15.52 10.44 9.00 26.08 30.23 25.24 17.09 31.06 29.68 36.40 22.47 9.85 13.04 12.04 7.21 9.06 13.00 12.00 11.66 8.06 18.11 20.62 20.88 17.46 16.76 17.09 17.72 23.26 21.54 18.25 19.42 9.49 9.22 9.22 8.25 10.63 10.00 9.43 10.30 6.71 12.08 9.85 24.04 24.76 23.35 24.41 24.08 20.62 21.40 17.80 18.60 17.20 24.17 24.84 9.06 9.22 6.32 6.71 3.16 3.61 4.12 4.00 1.00 1.41 0.00 1.00 3.16 4.12 6.00 7.81 18.03 16.16
15.81 11.40 10.00 26.93 31.06 26.08 18.03 31.91 30.53 37.20 23.41 10.77 14.04 13.04 8.06 10.05 14.00 13.00 12.53 9.06 18.03 20.40 20.62 17.26 16.49 16.76 17.46 22.85 21.19 18.11 19.24 9.85 9.49 9.90 8.54 11.31 10.63 8.60 9.43 5.83 11.18 9.49 23.35 24.04 22.63 23.60 23.35 19.85 20.62 17.03 17.80 16.40 23.26 24.08 9.00 9.06 6.08 6.32 3.00 3.16 4.47 4.12 1.41 1.00 1.00 0.00 2.24 3.16 5.00 7.07 17.20 17.09
17.46 13.60 12.04 29.15 33.29 28.30 20.25 34.13 32.76 39.41 25.63 13.00 16.12 15.13 10.30 12.17 16.03 15.03 14.76 11.18 19.03 21.10 21.21 18.03 17.12 17.26 18.11 23.09 21.59 19.00 20.02 11.66 11.18 12.04 10.30 13.45 12.73 6.40 7.21 5.00 8.94 10.05 22.80 23.43 22.02 22.67 22.67 19.10 19.80 16.28 16.97 15.56 21.95 23.35 10.20 10.05 7.07 7.00 4.47 4.12 6.40 5.83 3.61 2.83 3.16 2.24 0.00 1.00 3.16 5.00 16.28 19.31
17.89 14.56 13.04 30.02 34.13 29.15 21.19 34.99 33.62 40.22 26.57 13.93 17.12 16.12 11.18 13.15 17.03 16.03 15.65 12.17 19.10 21.02 21.10 18.00 17.03 17.12 18.03 22.80 21.38 19.03 20.00 12.21 11.66 12.81 10.82 14.21 13.45 5.66 6.40 4.47 8.06 10.00 22.20 22.80 21.40 21.93 22.02 18.44 19.10 15.62 16.28 14.87 21.10 22.67 10.44 10.20 7.28 7.07 5.00 4.47 7.07 6.40 4.47 3.61 4.12 3.16 1.00 0.00 2.24 4.47 15.56 20.25
18.03 16.28 15.00 31.30 35.36 30.41 22.80 36.24 34.89 41.34 28.16 15.52 19.03 18.03 12.65 15.03 19.00 18.00 17.09 14.04 18.44 20.02 20.00 17.12 16.03 16.00 17.03 21.38 20.10 18.25 19.10 12.73 12.04 13.89 11.31 15.26 14.42 5.39 5.83 3.00 7.07 9.22 20.25 20.81 19.42 19.80 20.00 16.40 17.03 13.60 14.21 12.81 18.87 20.62 10.30 9.85 7.21 6.71 5.83 5.00 8.06 7.21 6.08 5.10 6.00 5.00 3.16 2.24 0.00 5.00 13.45 21.84
22.36 17.89 15.81 33.84 38.01 33.02 24.60 38.83 37.44 44.20 29.97 17.49 19.92 18.97 15.00 16.16 19.65 18.68 19.42 15.23 23.35 25.02 25.00 22.09 21.02 21.00 22.02 26.31 25.08 23.19 24.08 16.64 16.12 16.97 15.26 18.38 17.69 2.00 3.00 8.00 5.00 14.14 24.60 25.06 23.71 23.60 24.19 20.59 21.10 17.89 18.36 17.00 21.93 24.70 14.87 14.56 11.70 11.40 9.43 8.94 11.40 10.82 8.49 7.81 7.81 7.07 5.00 4.47 5.00 0.00 17.49 23.71
19.65 25.96 26.00 37.22 40.61 36.22 31.26 41.59 40.45 45.61 36.06 24.74 29.41 28.46 21.84 25.63 29.73 28.79 25.32 24.70 15.26 14.14 13.45 13.04 11.66 10.82 12.21 12.08 12.21 14.42 14.21 18.03 17.03 21.21 17.12 22.09 21.10 16.55 16.16 11.40 15.52 11.05 7.28 7.62 6.32 6.40 6.71 3.16 3.61 1.41 1.00 1.00 7.00 7.21 14.04 13.04 13.60 12.65 15.65 14.76 17.09 16.16 17.49 16.64 18.03 17.20 16.28 15.56 13.45 17.49 0.00 30.27
14.21 5.83 8.49 10.63 14.87 10.00 1.00 15.56 14.14 21.26 6.32 6.32 5.39 5.83 9.22 7.81 6.32 6.71 5.00 8.60 20.81 24.41 25.24 21.95 22.36 23.26 22.83 29.15 26.93 21.63 23.02 12.37 13.34 9.06 13.15 8.25 9.22 25.50 26.40 21.21 28.23 19.24 33.84 34.79 33.53 35.90 34.48 31.78 32.76 29.43 30.41 29.27 37.22 35.44 16.28 17.26 17.00 18.00 16.28 17.26 14.14 15.13 15.81 16.76 16.16 17.09 19.31 20.25 21.84 23.71 30.27 0.00

Capacitated Vehicle Route Problem with Ant Colony Algorithm


R=10

Called function with 16 Blocks:

Attempt #0 ||
Raw data:
0 38 47 33 4 62 1 0 56 11 0 35 71 3 14 6 53 45 25 5 26 43 52 51 50 42 21 27 60 12 2 67 17 30 29 39 10 8 13 64 69 37 40 44 49 63 15 7 9 0 23 24 55 59 20 28 22 54 16 31 18 32 41 68 36 19 57 65 34 66 58 61 46 48 70
Vehicle #0 : 0 (24) 38 (19) 47 (23) 33 (21) 4 (30) 62 (10) 1 (13) 0
Vehicle #1 : 0 (11) 56 (11) 11 (12) 0
Vehicle #2 : 0 (8) 35 (8) 71 (11) 3 (19) 14 (10) 6 (36) 53 (2) 45 (14) 25 (27) 5 (26) 26 (13) 43 (8) 52 (8) 51 (1) 50 (6) 42 (12) 21 (5) 27 (20) 60 (12) 12 (4) 2 (13) 67 (16) 17 (25) 30 (1) 29 (15) 39 (27) 10 (9) 8 (20) 13 (12) 64 (8) 69 (2) 37 (3) 40 (22) 44 (6) 49 (16) 63 (10) 15 (23) 7 (6) 9 (26) 0
Vehicle #3 : 0 (8) 23 (1) 24 (8) 55 (6) 59 (15) 20 (6) 28 (2) 22 (12) 54 (17) 16 (13) 31 (8) 18 (9) 32 (6) 41 (9) 68 (14) 36 (7) 19 (12) 57 (6) 65 (9) 34 (10) 66 (4) 58 (1) 61 (22) 46 (3) 48 (4) 70 (20) 0
 Total length : 921.39

Attempt #1 ||
Raw data:
0 8 33 1 24 21 18 0 11 66 27 47 0 56 62 70 46 45 52 23 44 51 61 17 15 36 50 57 55 32 14 16 3 5 22 0 30 37 40 67 49 68 65 20 28 29 26 9 7 71 41 53 39 54 63 25 43 64 19 58 38 48 42 31 4 2 10 6 12 13 59 69 34 60 35
Vehicle #0 : 0 (21) 8 (21) 33 (6) 1 (20) 24 (4) 21 (21) 18 (11) 0
Vehicle #1 : 0 (12) 11 (13) 66 (23) 27 (10) 47 (20) 0
Vehicle #2 : 0 (11) 56 (5) 62 (17) 70 (7) 46 (3) 45 (4) 52 (19) 23 (13) 44 (7) 51 (15) 61 (13) 17 (3) 15 (8) 36 (21) 50 (13) 57 (3) 55 (4) 32 (6) 14 (8) 16 (17) 3 (1) 5 (28) 22 (11) 0
Vehicle #3 : 0 (9) 30 (24) 37 (3) 40 (8) 67 (16) 49 (14) 68 (5) 65 (18) 20 (6) 28 (5) 29 (2) 26 (34) 9 (6) 7 (16) 71 (19) 41 (17) 53 (18) 39 (8) 54 (8) 63 (16) 25 (12) 43 (25) 64 (8) 19 (9) 58 (11) 38 (20) 48 (4) 42 (22) 31 (23) 4 (23) 2 (14) 10 (5) 6 (6) 12 (1) 13 (14) 59 (9) 69 (15) 34 (4) 60 (7) 35 (8) 0
 Total length : 912.31

Attempt #2 ||
Raw data:
0 66 11 36 37 5 51 23 0 46 58 33 70 1 8 21 0 35 24 56 62 4 71 18 60 22 0 34 64 68 40 52 41 25 55 29 31 65 7 3 17 57 14 15 2 32 13 16 10 6 12 26 20 27 44 53 43 67 50 49 48 47 42 28 59 69 39 9 45 30 54 38 19 63 61
Vehicle #0 : 0 (17) 66 (13) 11 (5) 36 (19) 37 (35) 5 (35) 51 (12) 23 (8) 0
Vehicle #1 : 0 (22) 46 (21) 58 (8) 33 (21) 70 (26) 1 (20) 8 (30) 21 (10) 0
Vehicle #2 : 0 (8) 35 (14) 24 (10) 56 (5) 62 (30) 4 (15) 71 (5) 18 (9) 60 (17) 22 (11) 0
Vehicle #3 : 0 (7) 34 (8) 64 (6) 68 (7) 40 (19) 52 (18) 41 (7) 25 (8) 55 (9) 29 (11) 31 (10) 65 (32) 7 (5) 3 (17) 17 (16) 57 (9) 14 (4) 15 (1) 2 (11) 32 (13) 13 (1) 16 (11) 10 (5) 6 (6) 12 (24) 26 (3) 20 (9) 27 (9) 44 (2) 53 (1) 43 (23) 67 (16) 50 (1) 49 (4) 48 (1) 47 (4) 42 (9) 28 (18) 59 (9) 69 (8) 39 (40) 9 (50) 45 (17) 30 (10) 54 (16) 38 (18) 19 (9) 63 (3) 61 (12) 0
 Total length : 988.21

Attempt #3 ||
Raw data:
0 51 40 33 35 47 70 18 6 32 41 64 58 37 55 13 36 0 11 45 1 0 56 24 62 71 4 8 21 23 0 39 68 17 27 29 38 14 3 5 9 7 10 26 42 30 28 25 60 31 61 50 46 52 53 43 22 34 66 59 67 44 20 48 49 12 16 65 54 69 63 19 2 15 57
Vehicle #0 : 0 (19) 51 (15) 40 (21) 33 (1) 35 (24) 47 (3) 70 (25) 18 (6) 6 (14) 32 (6) 41 (10) 64 (3) 58 (11) 37 (15) 55 (16) 13 (9) 36 (7) 0
Vehicle #1 : 0 (12) 11 (31) 45 (32) 1 (13) 0
Vehicle #2 : 0 (11) 56 (10) 24 (16) 62 (16) 71 (15) 4 (1) 8 (30) 21 (3) 23 (8) 0
Vehicle #3 : 0 (16) 39 (3) 68 (18) 17 (30) 27 (8) 29 (24) 38 (17) 14 (19) 3 (1) 5 (11) 9 (6) 7 (10) 10 (28) 26 (12) 42 (13) 30 (4) 28 (4) 25 (14) 60 (5) 31 (6) 61 (17) 50 (6) 46 (7) 52 (7) 53 (1) 43 (12) 22 (14) 34 (10) 66 (4) 59 (4) 67 (21) 44 (15) 20 (16) 48 (4) 49 (29) 12 (1) 16 (14) 65 (9) 54 (15) 69 (8) 63 (9) 19 (1) 2 (1) 15 (13) 57 (11) 0
 Total length : 904.81

Attempt #4 ||
Raw data:
0 19 56 28 1 33 0 20 11 36 66 26 38 57 0 61 68 70 51 48 31 30 22 46 44 43 49 59 13 41 8 9 4 12 71 14 62 52 50 21 0 54 53 65 35 5 3 67 64 34 6 2 45 25 27 63 55 58 17 10 7 16 15 18 69 40 60 32 37 39 29 23 24 42 47
Vehicle #0 : 0 (15) 19 (11) 56 (15) 28 (25) 1 (6) 33 (8) 0
Vehicle #1 : 0 (7) 20 (18) 11 (5) 36 (13) 66 (18) 26 (22) 38 (13) 57 (11) 0
Vehicle #2 : 0 (12) 61 (7) 68 (13) 70 (1) 51 (4) 48 (20) 31 (12) 30 (2) 22 (13) 46 (1) 44 (1) 43 (7) 49 (14) 59 (14) 13 (18) 41 (30) 8 (7) 9 (6) 4 (20) 12 (5) 71 (9) 14 (7) 62 (24) 52 (7) 50 (13) 21 (10) 0
Vehicle #3 : 0 (8) 54 (19) 53 (24) 65 (11) 35 (15) 5 (1) 3 (30) 67 (4) 64 (8) 34 (14) 6 (9) 2 (32) 45 (14) 25 (6) 27 (22) 63 (8) 55 (6) 58 (13) 17 (12) 10 (10) 7 (21) 16 (4) 15 (5) 18 (19) 69 (5) 40 (15) 60 (5) 32 (17) 37 (8) 39 (15) 29 (1) 23 (1) 24 (12) 42 (4) 47 (20) 0
 Total length : 890.79

Attempt #5 ||
Raw data:
0 47 48 71 1 24 29 22 28 27 26 25 69 68 14 57 54 32 34 0 19 4 56 62 35 33 0 70 40 20 11 0 7 9 39 45 44 37 58 67 38 18 52 50 46 53 43 36 31 5 3 63 66 55 61 64 60 12 2 30 51 49 8 15 17 6 13 65 16 41 10 59 21 42 23
Vehicle #0 : 0 (20) 47 (1) 48 (33) 71 (6) 1 (20) 24 (3) 29 (4) 22 (2) 28 (2) 27 (6) 26 (1) 25 (21) 69 (5) 68 (13) 14 (9) 57 (4) 54 (3) 32 (1) 34 (7) 0
Vehicle #1 : 0 (15) 19 (23) 4 (29) 56 (5) 62 (10) 35 (1) 33 (8) 0
Vehicle #2 : 0 (20) 70 (16) 40 (25) 20 (18) 11 (12) 0
Vehicle #3 : 0 (22) 7 (6) 9 (40) 39 (18) 45 (4) 44 (23) 37 (11) 58 (5) 67 (6) 38 (22) 18 (32) 52 (7) 50 (6) 46 (1) 53 (1) 43 (26) 36 (3) 31 (19) 5 (1) 3 (26) 63 (3) 66 (10) 55 (5) 61 (4) 64 (4) 60 (12) 12 (4) 2 (23) 30 (13) 51 (1) 49 (39) 8 (22) 15 (3) 17 (7) 6 (6) 13 (13) 65 (14) 16 (19) 41 (25) 10 (24) 59 (17) 21 (12) 42 (13) 23 (8) 0
 Total length : 925.08

Attempt #6 ||
Raw data:
0 12 16 1 35 4 62 17 66 51 50 48 64 20 30 54 61 13 71 10 0 19 29 52 49 56 8 33 24 27 58 32 0 2 11 18 47 0 23 67 69 5 21 36 31 41 43 45 53 22 28 26 57 63 65 37 68 40 38 34 59 39 7 9 3 6 55 44 42 46 25 14 60 15 70
Vehicle #0 : 0 (17) 12 (1) 16 (4) 1 (6) 35 (20) 4 (30) 62 (12) 17 (15) 66 (16) 51 (1) 50 (3) 48 (21) 64 (18) 20 (2) 30 (10) 54 (5) 61 (12) 13 (6) 71 (6) 10 (18) 0
Vehicle #1 : 0 (15) 19 (20) 29 (21) 52 (8) 49 (13) 56 (29) 8 (21) 33 (14) 24 (7) 27 (20) 58 (7) 32 (6) 0
Vehicle #2 : 0 (16) 2 (4) 11 (2) 18 (27) 47 (20) 0
Vehicle #3 : 0 (8) 23 (18) 67 (4) 69 (33) 5 (27) 21 (16) 36 (3) 31 (7) 41 (16) 43 (4) 45 (2) 53 (14) 22 (2) 28 (4) 26 (11) 57 (5) 63 (1) 65 (9) 37 (5) 68 (7) 40 (2) 38 (17) 34 (6) 59 (4) 39 (35) 7 (6) 9 (11) 3 (10) 6 (18) 55 (17) 44 (1) 42 (1) 46 (12) 25 (17) 14 (5) 60 (9) 15 (26) 70 (20) 0
 Total length : 887.53

Attempt #7 ||
Raw data:
0 49 62 70 51 28 47 42 53 45 50 58 69 64 59 2 31 18 9 7 5 3 10 71 12 6 55 43 44 14 34 29 22 61 36 0 1 13 11 0 39 56 33 4 8 35 0 60 66 63 65 40 37 38 52 46 48 21 54 19 17 16 15 67 68 57 41 20 26 25 23 27 24 32 30
Vehicle #0 : 0 (18) 49 (17) 62 (17) 70 (1) 51 (12) 28 (11) 47 (4) 42 (2) 53 (2) 45 (6) 50 (16) 58 (9) 69 (8) 64 (4) 59 (11) 2 (11) 31 (8) 18 (25) 9 (6) 7 (6) 5 (1) 3 (6) 10 (6) 71 (5) 12 (6) 6 (18) 55 (18) 43 (1) 44 (26) 14 (6) 34 (11) 29 (4) 22 (17) 61 (7) 36 (7) 0
Vehicle #1 : 0 (13) 1 (3) 13 (4) 11 (12) 0
Vehicle #2 : 0 (16) 39 (5) 56 (8) 33 (21) 4 (1) 8 (20) 35 (8) 0
Vehicle #3 : 0 (11) 60 (6) 66 (3) 63 (1) 65 (11) 40 (3) 37 (1) 38 (20) 52 (7) 46 (3) 48 (14) 21 (12) 54 (12) 19 (4) 17 (1) 16 (4) 15 (13) 67 (2) 68 (7) 57 (3) 41 (9) 20 (3) 26 (1) 25 (2) 23 (7) 27 (7) 24 (10) 32 (12) 30 (9) 0
 Total length : 645.34

Attempt #8 ||
Raw data:
0 1 56 26 33 71 0 24 70 49 43 52 45 50 14 23 48 51 58 69 22 21 55 20 19 36 18 32 31 61 3 25 34 67 66 0 11 35 54 30 62 0 63 10 16 28 41 9 5 8 4 40 7 37 68 57 27 44 47 46 53 42 39 38 65 2 12 17 15 6 13 59 64 60 29
Vehicle #0 : 0 (13) 1 (12) 56 (11) 26 (15) 33 (9) 71 (14) 0
Vehicle #1 : 0 (9) 24 (12) 70 (1) 49 (7) 43 (8) 52 (4) 45 (6) 50 (22) 14 (16) 23 (14) 48 (4) 51 (15) 58 (9) 69 (25) 22 (1) 21 (11) 55 (9) 20 (20) 19 (7) 36 (4) 18 (9) 32 (1) 31 (6) 61 (24) 3 (28) 25 (11) 34 (11) 67 (1) 66 (17) 0
Vehicle #2 : 0 (12) 11 (4) 35 (8) 54 (10) 30 (18) 62 (15) 0
Vehicle #3 : 0 (15) 63 (23) 10 (11) 16 (29) 28 (12) 41 (35) 9 (11) 5 (4) 8 (1) 4 (42) 40 (43) 7 (40) 37 (5) 68 (7) 57 (17) 27 (9) 44 (3) 47 (4) 46 (1) 53 (2) 42 (18) 39 (9) 38 (9) 65 (10) 2 (4) 12 (1) 17 (3) 15 (9) 6 (6) 13 (14) 59 (4) 64 (4) 60 (15) 29 (8) 0
 Total length : 886.50

Attempt #9 ||
Raw data:
0 56 26 51 1 62 18 5 3 13 69 66 63 6 38 37 0 19 54 47 23 30 11 41 0 33 8 4 9 7 60 34 55 57 64 68 67 32 39 36 61 44 22 0 10 71 50 24 48 65 40 46 52 31 58 49 25 21 28 42 45 53 27 59 20 17 14 29 2 70 43 12 15 16 35
Vehicle #0 : 0 (11) 56 (11) 26 (11) 51 (25) 1 (10) 62 (11) 18 (14) 5 (1) 3 (16) 13 (19) 69 (5) 66 (3) 63 (18) 6 (27) 38 (1) 37 (23) 0
Vehicle #1 : 0 (15) 19 (12) 54 (16) 47 (13) 23 (2) 30 (20) 11 (14) 41 (10) 0
Vehicle #2 : 0 (8) 33 (21) 8 (1) 4 (6) 9 (6) 7 (28) 60 (4) 34 (4) 55 (3) 57 (7) 64 (6) 68 (2) 67 (12) 32 (10) 39 (13) 36 (7) 61 (21) 44 (12) 22 (11) 0
Vehicle #3 : 0 (18) 10 (6) 71 (30) 50 (11) 24 (12) 48 (21) 65 (11) 40 (22) 46 (7) 52 (25) 31 (7) 58 (15) 49 (9) 25 (4) 21 (3) 28 (9) 42 (4) 45 (2) 53 (10) 27 (20) 59 (15) 20 (23) 17 (7) 14 (17) 29 (22) 2 (26) 70 (8) 43 (35) 12 (4) 15 (4) 16 (10) 35 (8) 0
 Total length : 917.67

Summary:
Average length: 887.96 (+274.67%)
Minimal length: 645.34 (+172.30%)


R=30

Called function with 16 Blocks:

Attempt #0 ||
Raw data:
0 51 33 2 1 62 35 8 0 70 47 24 18 36 15 6 60 58 34 57 46 30 53 44 38 37 49 43 42 48 59 64 52 67 29 28 26 0 11 56 0 39 40 50 20 7 9 5 12 14 19 61 16 10 4 71 17 3 31 65 66 13 45 21 54 63 69 32 22 23 27 25 55 68 41
Vehicle #0 : 0 (19) 51 (20) 33 (8) 2 (3) 1 (10) 62 (10) 35 (20) 8 (21) 0
Vehicle #1 : 0 (20) 70 (3) 47 (11) 24 (18) 18 (4) 36 (8) 15 (9) 6 (15) 60 (2) 58 (6) 34 (5) 57 (18) 46 (14) 30 (15) 53 (2) 44 (22) 38 (1) 37 (17) 49 (7) 43 (1) 42 (4) 48 (18) 59 (4) 64 (24) 52 (21) 67 (19) 29 (5) 28 (4) 26 (9) 0
Vehicle #2 : 0 (12) 11 (11) 56 (11) 0
Vehicle #3 : 0 (16) 39 (9) 40 (16) 50 (15) 20 (28) 7 (6) 9 (11) 5 (15) 12 (8) 14 (4) 19 (9) 61 (14) 16 (11) 10 (10) 4 (15) 71 (7) 17 (17) 3 (20) 31 (10) 65 (2) 66 (15) 13 (35) 45 (16) 21 (12) 54 (8) 63 (8) 69 (16) 32 (14) 22 (4) 23 (7) 27 (6) 25 (8) 55 (10) 68 (9) 41 (10) 0
 Total length : 872.48

Attempt #1 ||
Raw data:
0 49 1 62 61 60 35 36 71 18 58 59 63 65 67 68 39 41 0 11 4 38 21 37 51 0 66 33 56 47 8 24 0 27 28 22 29 30 25 44 46 42 43 70 48 50 45 53 52 55 14 64 40 69 17 2 19 13 15 12 10 7 9 5 3 6 16 31 34 23 20 26 54 57 32
Vehicle #0 : 0 (18) 49 (25) 1 (10) 62 (3) 61 (1) 60 (7) 35 (1) 36 (9) 71 (5) 18 (11) 58 (1) 59 (2) 63 (1) 65 (3) 67 (2) 68 (3) 39 (6) 41 (10) 0
Vehicle #1 : 0 (12) 11 (21) 4 (40) 38 (25) 21 (25) 37 (16) 51 (19) 0
Vehicle #2 : 0 (17) 66 (12) 33 (8) 56 (16) 47 (41) 8 (30) 24 (9) 0
Vehicle #3 : 0 (15) 27 (2) 28 (2) 22 (4) 29 (1) 30 (4) 25 (11) 44 (1) 46 (1) 42 (1) 43 (8) 70 (4) 48 (3) 50 (6) 45 (2) 53 (7) 52 (20) 55 (9) 14 (7) 64 (12) 40 (5) 69 (19) 17 (3) 2 (1) 19 (4) 13 (3) 15 (4) 12 (11) 10 (10) 7 (6) 9 (11) 5 (1) 3 (10) 6 (7) 16 (13) 31 (1) 34 (11) 23 (2) 20 (3) 26 (9) 54 (4) 57 (6) 32 (6) 0
 Total length : 683.39

Attempt #2 ||
Raw data:
0 56 70 47 62 35 18 17 13 2 32 31 28 42 0 33 4 66 21 24 8 57 58 63 59 0 11 1 0 41 40 67 64 61 65 16 12 19 71 27 20 30 51 48 52 45 53 43 50 69 39 37 38 68 60 36 15 6 10 5 7 9 3 14 55 34 25 22 49 23 29 46 44 26 54
Vehicle #0 : 0 (11) 56 (14) 70 (3) 47 (20) 62 (10) 35 (4) 18 (6) 17 (1) 13 (3) 2 (11) 32 (1) 31 (16) 28 (9) 42 (21) 0
Vehicle #1 : 0 (8) 33 (21) 4 (33) 66 (21) 21 (4) 24 (30) 8 (30) 57 (4) 58 (2) 63 (2) 59 (13) 0
Vehicle #2 : 0 (12) 11 (1) 1 (13) 0
Vehicle #3 : 0 (10) 41 (16) 40 (8) 67 (4) 64 (4) 61 (4) 65 (14) 16 (1) 12 (5) 19 (9) 71 (29) 27 (9) 20 (2) 30 (13) 51 (4) 48 (6) 52 (4) 45 (2) 53 (1) 43 (7) 50 (18) 69 (8) 39 (8) 37 (1) 38 (6) 68 (8) 60 (6) 36 (8) 15 (9) 6 (5) 10 (6) 5 (6) 7 (6) 9 (11) 3 (19) 14 (9) 55 (4) 34 (11) 25 (4) 22 (12) 49 (12) 23 (1) 29 (15) 46 (1) 44 (12) 26 (9) 54 (8) 0
 Total length : 702.55

Attempt #3 ||
Raw data:
0 70 47 24 61 13 34 31 37 49 51 41 15 71 6 21 39 2 19 60 17 42 53 25 16 63 65 66 0 23 62 57 59 11 0 67 8 56 33 1 0 22 29 7 3 5 32 54 55 35 36 18 10 4 9 30 46 52 64 50 44 48 45 27 58 26 20 28 43 12 14 68 38 69 40
Vehicle #0 : 0 (20) 70 (3) 47 (11) 24 (13) 61 (12) 13 (12) 34 (1) 31 (18) 37 (17) 49 (1) 51 (10) 41 (15) 15 (8) 71 (1) 6 (25) 21 (17) 39 (15) 2 (1) 19 (8) 60 (12) 17 (34) 42 (2) 53 (13) 25 (25) 16 (14) 63 (1) 65 (2) 66 (17) 0
Vehicle #1 : 0 (8) 23 (16) 62 (6) 57 (3) 59 (11) 11 (12) 0
Vehicle #2 : 0 (18) 67 (34) 8 (29) 56 (8) 33 (6) 1 (13) 0
Vehicle #3 : 0 (11) 22 (4) 29 (29) 7 (5) 3 (1) 5 (20) 32 (3) 54 (1) 55 (9) 35 (1) 36 (4) 18 (11) 10 (10) 4 (6) 9 (33) 30 (14) 46 (7) 52 (24) 64 (19) 50 (5) 44 (3) 48 (3) 45 (12) 27 (20) 58 (15) 26 (3) 20 (6) 28 (10) 43 (35) 12 (8) 14 (13) 68 (6) 38 (3) 69 (5) 40 (25) 0
 Total length : 879.43

Attempt #4 ||
Raw data:
0 41 56 29 1 24 70 4 57 66 0 14 43 19 47 33 8 18 35 32 0 28 62 11 55 54 60 0 10 7 61 67 64 37 40 59 69 23 22 27 44 53 25 63 15 13 31 21 20 2 12 16 68 38 49 51 50 30 26 46 45 42 39 52 48 5 9 36 3 6 17 71 65 58 34
Vehicle #0 : 0 (10) 41 (4) 56 (12) 29 (20) 1 (20) 24 (12) 70 (41) 4 (30) 57 (7) 66 (17) 0
Vehicle #1 : 0 (11) 14 (27) 43 (31) 19 (27) 47 (23) 33 (21) 8 (18) 18 (4) 35 (5) 32 (6) 0
Vehicle #2 : 0 (13) 28 (21) 62 (9) 11 (12) 55 (1) 54 (5) 60 (11) 0
Vehicle #3 : 0 (18) 10 (10) 7 (29) 61 (6) 67 (4) 64 (9) 37 (3) 40 (12) 59 (9) 69 (22) 23 (4) 22 (4) 27 (9) 44 (2) 53 (13) 25 (16) 63 (10) 15 (3) 13 (12) 31 (14) 21 (4) 20 (21) 2 (4) 12 (1) 16 (19) 68 (6) 38 (17) 49 (1) 51 (1) 50 (14) 30 (2) 26 (13) 46 (3) 45 (4) 42 (18) 39 (17) 52 (6) 48 (38) 5 (11) 9 (27) 36 (17) 3 (10) 6 (7) 17 (7) 71 (17) 65 (3) 58 (6) 34 (7) 0
 Total length : 928.77

Attempt #5 ||
Raw data:
0 1 24 47 18 33 0 11 6 56 0 70 62 4 7 36 35 58 65 34 54 68 40 67 59 60 12 2 19 14 15 69 63 66 37 38 51 42 28 0 20 29 30 25 44 43 46 27 50 45 21 22 23 9 3 71 16 17 61 41 26 55 48 53 39 52 49 31 32 57 64 13 10 5 8
Vehicle #0 : 0 (13) 1 (20) 24 (11) 47 (27) 18 (4) 33 (8) 0
Vehicle #1 : 0 (12) 11 (7) 6 (18) 56 (11) 0
Vehicle #2 : 0 (20) 70 (17) 62 (30) 4 (1) 7 (22) 36 (1) 35 (9) 58 (3) 65 (9) 34 (3) 54 (10) 68 (7) 40 (8) 67 (4) 59 (3) 60 (12) 12 (4) 2 (1) 19 (4) 14 (4) 15 (16) 69 (8) 63 (3) 66 (6) 37 (1) 38 (16) 51 (8) 42 (9) 28 (13) 0
Vehicle #3 : 0 (7) 20 (1) 29 (1) 30 (4) 25 (11) 44 (1) 43 (1) 46 (9) 27 (11) 50 (6) 45 (16) 21 (1) 22 (4) 23 (33) 9 (11) 3 (11) 71 (6) 16 (1) 17 (13) 61 (6) 41 (8) 26 (9) 55 (16) 48 (4) 53 (18) 39 (17) 52 (8) 49 (17) 31 (1) 32 (6) 57 (7) 64 (12) 13 (11) 10 (6) 5 (4) 8 (21) 0
 Total length : 705.57

Attempt #6 ||
Raw data:
0 6 33 47 24 62 35 18 28 0 1 11 0 21 56 66 37 69 38 40 49 50 45 52 51 44 53 46 42 27 26 30 29 25 20 32 31 41 0 60 19 55 54 57 58 61 64 59 67 39 65 12 16 13 2 15 17 10 71 5 9 8 3 7 4 14 36 34 22 23 70 48 43 68 63
Vehicle #0 : 0 (15) 6 (10) 33 (23) 47 (11) 24 (16) 62 (10) 35 (4) 18 (23) 28 (13) 0
Vehicle #1 : 0 (13) 1 (1) 11 (12) 0
Vehicle #2 : 0 (10) 21 (14) 56 (7) 66 (6) 37 (2) 69 (3) 38 (2) 40 (16) 49 (1) 50 (6) 45 (4) 52 (8) 51 (7) 44 (2) 53 (1) 46 (1) 42 (8) 27 (6) 26 (2) 30 (1) 29 (4) 25 (4) 20 (10) 32 (1) 31 (7) 41 (10) 0
Vehicle #3 : 0 (11) 60 (8) 19 (13) 55 (1) 54 (4) 57 (4) 58 (1) 61 (4) 64 (4) 59 (4) 67 (4) 39 (6) 65 (14) 12 (1) 16 (1) 13 (3) 2 (1) 15 (3) 17 (12) 10 (6) 71 (10) 5 (11) 9 (7) 8 (4) 3 (5) 7 (1) 4 (23) 14 (4) 36 (4) 34 (14) 22 (4) 23 (13) 70 (4) 48 (4) 43 (21) 68 (5) 63 (15) 0
 Total length : 551.81

Attempt #7 ||
Raw data:
0 39 29 62 58 55 68 54 71 32 14 2 17 16 13 12 10 7 9 8 3 5 4 36 37 69 40 38 66 59 63 35 0 51 52 6 65 11 15 20 57 0 18 56 33 46 1 0 34 31 61 41 50 30 24 45 49 43 42 28 27 48 53 44 47 70 21 26 23 22 25 60 64 19 67
Vehicle #0 : 0 (16) 39 (15) 29 (17) 62 (2) 58 (6) 55 (10) 68 (10) 54 (16) 71 (13) 32 (6) 14 (5) 2 (3) 17 (1) 16 (1) 13 (1) 12 (11) 10 (10) 7 (6) 9 (7) 8 (4) 3 (1) 5 (5) 4 (21) 36 (19) 37 (2) 69 (5) 40 (2) 38 (7) 66 (4) 59 (2) 63 (11) 35 (8) 0
Vehicle #1 : 0 (19) 51 (8) 52 (38) 6 (18) 65 (11) 11 (3) 15 (20) 20 (12) 57 (11) 0
Vehicle #2 : 0 (11) 18 (12) 56 (8) 33 (26) 46 (31) 1 (13) 0
Vehicle #3 : 0 (7) 34 (1) 31 (6) 61 (6) 41 (11) 50 (14) 30 (3) 24 (15) 45 (7) 49 (7) 43 (1) 42 (9) 28 (2) 27 (11) 48 (4) 53 (2) 44 (3) 47 (3) 70 (14) 21 (3) 26 (1) 23 (4) 22 (4) 25 (14) 60 (4) 64 (8) 19 (12) 67 (18) 0
 Total length : 684.87

Attempt #8 ||
Raw data:
0 18 56 51 33 30 1 0 11 12 62 70 0 24 63 68 45 27 31 57 60 20 46 42 53 48 65 16 14 15 35 41 49 54 50 21 32 10 7 17 2 6 3 43 52 0 19 71 22 44 47 59 55 66 13 61 67 40 39 26 36 64 34 5 4 9 8 58 38 69 37 28 29 25 23
Vehicle #0 : 0 (11) 18 (12) 56 (13) 51 (20) 33 (16) 30 (21) 1 (13) 0
Vehicle #1 : 0 (12) 11 (5) 12 (13) 62 (17) 70 (20) 0
Vehicle #2 : 0 (9) 24 (16) 63 (5) 68 (20) 45 (12) 27 (18) 31 (7) 57 (4) 60 (14) 20 (16) 46 (1) 42 (2) 53 (4) 48 (21) 65 (14) 16 (8) 14 (4) 15 (7) 35 (11) 41 (10) 49 (13) 54 (14) 50 (13) 21 (13) 32 (19) 10 (10) 7 (22) 17 (3) 2 (9) 6 (10) 3 (40) 43 (8) 52 (26) 0
Vehicle #3 : 0 (15) 19 (9) 71 (25) 22 (12) 44 (3) 47 (17) 59 (6) 55 (10) 66 (15) 13 (12) 61 (6) 67 (8) 40 (9) 39 (14) 26 (14) 36 (10) 64 (8) 34 (20) 5 (5) 4 (6) 9 (7) 8 (29) 58 (11) 38 (3) 69 (2) 37 (25) 28 (5) 29 (4) 25 (2) 23 (8) 0
 Total length : 901.72

Attempt #9 ||
Raw data:
0 1 11 39 0 43 33 62 4 10 3 5 6 9 7 8 16 32 20 22 30 29 0 56 18 70 47 24 46 42 53 34 40 37 19 12 17 35 14 0 2 68 69 38 67 64 58 59 13 31 27 45 52 48 28 50 51 44 36 23 21 49 41 55 26 54 25 71 15 66 60 61 65 63 57
Vehicle #0 : 0 (13) 1 (1) 11 (15) 39 (16) 0
Vehicle #1 : 0 (22) 43 (26) 33 (8) 62 (30) 4 (10) 10 (6) 3 (1) 5 (9) 6 (21) 9 (6) 7 (1) 8 (20) 16 (14) 32 (10) 20 (4) 22 (2) 30 (1) 29 (8) 0
Vehicle #2 : 0 (11) 56 (12) 18 (25) 70 (3) 47 (11) 24 (13) 46 (1) 42 (2) 53 (22) 34 (18) 40 (3) 37 (17) 19 (5) 12 (1) 17 (9) 35 (4) 14 (11) 0
Vehicle #3 : 0 (16) 2 (15) 68 (5) 69 (3) 38 (6) 67 (4) 64 (3) 58 (1) 59 (14) 13 (12) 31 (18) 27 (12) 45 (4) 52 (6) 48 (11) 28 (11) 50 (1) 51 (7) 44 (24) 36 (13) 23 (3) 21 (13) 49 (10) 41 (2) 55 (9) 26 (9) 54 (9) 25 (23) 71 (8) 15 (12) 66 (6) 60 (1) 61 (4) 65 (1) 63 (5) 57 (11) 0
 Total length : 732.56

Summary:
Average length: 764.31 (+222.50%)
Minimal length: 551.81 (+132.83%)


R=50

Called function with 16 Blocks:

Attempt #0 ||
Raw data:
0 35 66 62 8 47 70 24 1 0 43 69 56 11 0 33 18 68 16 17 12 13 14 71 34 32 9 4 7 5 3 10 6 0 28 44 27 29 23 30 22 26 61 15 2 64 57 59 65 63 39 38 40 37 60 54 19 36 67 55 20 25 21 46 52 42 49 51 53 48 50 45 41 31 58
Vehicle #0 : 0 (8) 35 (13) 66 (4) 62 (29) 8 (41) 47 (3) 70 (12) 24 (20) 1 (13) 0
Vehicle #1 : 0 (22) 43 (25) 69 (12) 56 (11) 11 (12) 0
Vehicle #2 : 0 (8) 33 (4) 18 (17) 68 (19) 16 (1) 17 (1) 12 (1) 13 (7) 14 (9) 71 (13) 34 (1) 32 (30) 9 (6) 4 (1) 7 (6) 5 (1) 3 (6) 10 (5) 6 (15) 0
Vehicle #3 : 0 (13) 28 (10) 44 (9) 27 (8) 29 (1) 23 (2) 30 (2) 22 (3) 26 (14) 61 (9) 15 (1) 2 (9) 64 (7) 57 (3) 59 (3) 65 (1) 63 (5) 39 (9) 38 (2) 40 (3) 37 (13) 60 (5) 54 (12) 19 (7) 36 (13) 67 (10) 55 (9) 20 (4) 25 (4) 21 (14) 46 (7) 52 (9) 42 (7) 49 (1) 51 (8) 53 (4) 48 (3) 50 (6) 45 (17) 41 (7) 31 (7) 58 (13) 0
 Total length : 671.88

Attempt #1 ||
Raw data:
0 62 47 46 65 69 37 60 64 13 19 15 55 34 39 54 23 36 58 68 59 66 32 31 41 71 2 12 17 16 5 3 14 0 7 70 11 38 24 0 56 1 4 33 0 26 21 27 28 22 30 20 29 25 49 50 48 44 43 45 42 53 52 51 67 40 57 61 63 35 18 10 6 8 9
Vehicle #0 : 0 (15) 62 (20) 47 (4) 46 (23) 65 (7) 69 (2) 37 (13) 60 (4) 64 (12) 13 (4) 19 (1) 15 (14) 55 (4) 34 (9) 39 (8) 54 (9) 23 (13) 36 (9) 58 (6) 68 (5) 59 (4) 66 (11) 32 (1) 31 (7) 41 (19) 71 (8) 2 (4) 12 (1) 17 (1) 16 (16) 5 (1) 3 (19) 14 (11) 0
Vehicle #1 : 0 (22) 7 (42) 70 (25) 11 (20) 38 (21) 24 (9) 0
Vehicle #2 : 0 (11) 56 (12) 1 (21) 4 (21) 33 (8) 0
Vehicle #3 : 0 (9) 26 (3) 21 (5) 27 (2) 28 (2) 22 (2) 30 (2) 20 (1) 29 (4) 25 (9) 49 (1) 50 (3) 48 (3) 44 (1) 43 (4) 45 (4) 42 (2) 53 (7) 52 (8) 51 (15) 67 (8) 40 (14) 57 (4) 61 (3) 63 (11) 35 (4) 18 (11) 10 (5) 6 (13) 8 (7) 9 (26) 0
 Total length : 691.84

Attempt #2 ||
Raw data:
0 24 35 11 0 63 62 47 45 44 50 43 42 53 51 27 28 55 25 29 20 22 30 4 6 71 10 8 3 9 7 5 0 21 41 33 46 1 56 0 26 51 49 44 53 52 45 15 2 13 17 16 12 19 18 36 31 34 59 60 61 70 39 68 67 57 40 64 66 38 37 69 50 58 32
Vehicle #0 : 0 (9) 24 (14) 35 (4) 11 (12) 0
Vehicle #1 : 0 (15) 63 (1) 62 (17) 70 (20) 0
Vehicle #2 : 0 (10) 21 (11) 41 (10) 33 (26) 46 (31) 1 (12) 56 (11) 0
Vehicle #3 : 0 (21) 8 (28) 55 (4) 34 (11) 29 (25) 3 (17) 16 (25) 25 (14) 58 (17) 6 (9) 2 (9) 64 (4) 67 (4) 39 (8) 37 (17) 50 (11) 28 (18) 59 (11) 38 (6) 68 (14) 49 (17) 65 (4) 61 (1) 60 (22) 5 (11) 9 (29) 14 (26) 42 (23) 66 (23) 43 (19) 54 (15) 13 (28) 51 (12) 27 (7) 23 (11) 31 (20) 48 (29) 15 (8) 71 (6) 10 (10) 7 (1) 4 (23) 19 (4) 17 (13) 32 (19) 40 (5) 69 (22) 52 (32) 18 (4) 36 (13) 20 (2) 30 (13) 44 (12) 26 (15) 45 (2) 53 (35) 12 (17) 57 (14) 22 (12) 47 (20) 0
 Total length : 1082.12

Attempt #3 ||
Raw data:
0 8 60 5 48 57 11 0 26 70 49 37 69 68 39 63 44 47 45 46 53 50 41 31 10 3 7 4 9 6 71 18 0 1 62 56 33 0 23 24 28 27 20 30 40 38 65 66 67 59 64 17 12 16 34 61 58 32 19 13 15 2 35 14 36 22 21 54 42 43 52 51 55 25 29
Vehicle #0 : 0 (21) 8 (27) 60 (22) 5 (38) 48 (16) 57 (12) 11 (12) 0
Vehicle #1 : 0 (9) 26 (12) 70 (1) 49 (17) 37 (2) 69 (5) 68 (3) 39 (5) 63 (22) 44 (3) 47 (4) 45 (3) 46 (1) 53 (6) 50 (11) 41 (7) 31 (18) 10 (6) 3 (5) 7 (1) 4 (6) 9 (21) 6 (1) 71 (5) 18 (11) 0
Vehicle #2 : 0 (13) 1 (10) 62 (5) 56 (8) 33 (8) 0
Vehicle #3 : 0 (8) 23 (1) 24 (5) 28 (2) 27 (9) 20 (2) 30 (25) 40 (2) 38 (9) 65 (2) 66 (1) 67 (4) 59 (4) 64 (12) 17 (1) 12 (1) 16 (14) 34 (4) 61 (1) 58 (7) 32 (10) 19 (4) 13 (3) 15 (1) 2 (8) 35 (4) 14 (4) 36 (17) 22 (1) 21 (12) 54 (18) 42 (1) 43 (8) 52 (8) 51 (12) 55 (8) 25 (4) 29 (8) 0
 Total length : 626.68

Attempt #4 ||
Raw data:
0 11 15 1 67 0 35 33 8 4 47 56 0 21 27 22 29 25 23 48 44 53 46 41 60 19 17 12 13 65 59 32 61 37 40 38 69 68 62 51 45 52 43 20 30 26 0 5 9 7 3 16 64 14 6 10 2 66 71 55 34 58 36 63 70 49 50 42 28 31 18 39 24 57 54
Vehicle #0 : 0 (12) 11 (3) 15 (2) 1 (15) 67 (18) 0
Vehicle #1 : 0 (8) 35 (1) 33 (21) 8 (1) 4 (41) 47 (16) 56 (11) 0
Vehicle #2 : 0 (10) 21 (5) 27 (4) 22 (4) 29 (4) 25 (2) 23 (14) 48 (3) 44 (2) 53 (1) 46 (16) 41 (7) 60 (8) 19 (4) 17 (1) 12 (1) 13 (13) 65 (3) 59 (7) 32 (5) 61 (12) 37 (3) 40 (2) 38 (3) 69 (5) 68 (6) 62 (17) 51 (7) 45 (4) 52 (8) 43 (16) 20 (2) 30 (2) 26 (9) 0
Vehicle #3 : 0 (17) 5 (11) 9 (6) 7 (5) 3 (17) 16 (13) 64 (7) 14 (10) 6 (5) 10 (14) 2 (12) 66 (19) 71 (17) 55 (4) 34 (6) 58 (9) 36 (10) 63 (17) 70 (1) 49 (1) 50 (6) 42 (9) 28 (16) 31 (8) 18 (16) 39 (13) 24 (10) 57 (4) 54 (8) 0
 Total length : 652.04

Attempt #5 ||
Raw data:
0 66 62 4 9 3 8 16 12 36 71 19 15 35 14 54 55 34 31 24 59 30 21 29 0 56 13 2 11 7 0 60 1 47 70 33 0 51 40 67 69 63 68 39 26 22 27 48 46 42 28 20 5 10 6 18 23 44 43 53 52 45 50 49 65 64 58 37 38 61 57 32 25 41 17
Vehicle #0 : 0 (17) 66 (4) 62 (30) 4 (6) 9 (11) 3 (4) 8 (20) 16 (1) 12 (10) 36 (9) 71 (9) 19 (1) 15 (7) 35 (4) 14 (9) 54 (1) 55 (4) 34 (1) 31 (11) 24 (13) 59 (16) 30 (1) 21 (3) 29 (8) 0
Vehicle #1 : 0 (11) 56 (15) 13 (3) 2 (4) 11 (21) 7 (22) 0
Vehicle #2 : 0 (11) 60 (9) 1 (28) 47 (3) 70 (21) 33 (8) 0
Vehicle #3 : 0 (19) 51 (15) 40 (8) 67 (4) 69 (8) 63 (5) 68 (3) 39 (14) 26 (3) 22 (4) 27 (11) 48 (3) 46 (1) 42 (9) 28 (6) 20 (23) 5 (6) 10 (5) 6 (6) 18 (18) 23 (13) 44 (1) 43 (1) 53 (7) 52 (4) 45 (6) 50 (1) 49 (17) 65 (1) 64 (3) 58 (11) 37 (1) 38 (13) 61 (4) 57 (6) 32 (11) 25 (7) 41 (18) 17 (17) 0
 Total length : 672.31

Attempt #6 ||
Raw data:
0 33 70 4 18 62 47 21 0 67 6 30 11 22 35 0 56 8 1 71 2 31 55 57 38 48 25 5 9 7 63 19 15 36 0 23 37 69 65 26 34 50 54 41 39 28 51 66 60 32 3 49 42 52 45 53 46 44 20 24 29 27 43 40 58 17 59 10 14 13 12 16 64 61 68
Vehicle #0 : 0 (8) 33 (21) 70 (41) 4 (19) 18 (11) 62 (20) 47 (13) 21 (10) 0
Vehicle #1 : 0 (18) 67 (21) 6 (24) 30 (20) 11 (22) 22 (18) 35 (8) 0
Vehicle #2 : 0 (11) 56 (29) 8 (20) 1 (6) 71 (8) 2 (11) 31 (5) 55 (3) 57 (13) 38 (20) 48 (11) 25 (27) 5 (11) 9 (6) 7 (31) 63 (9) 19 (1) 15 (8) 36 (7) 0
Vehicle #3 : 0 (8) 23 (22) 37 (2) 69 (7) 65 (17) 26 (11) 34 (17) 50 (14) 54 (3) 41 (6) 39 (17) 28 (12) 51 (16) 66 (6) 60 (5) 32 (21) 3 (36) 49 (7) 42 (9) 52 (4) 45 (2) 53 (1) 46 (1) 44 (15) 20 (4) 24 (3) 29 (8) 27 (9) 43 (23) 40 (13) 58 (13) 17 (14) 59 (24) 10 (16) 14 (7) 13 (1) 12 (1) 16 (13) 64 (4) 61 (7) 68 (18) 0
 Total length : 947.64

Attempt #7 ||
Raw data:
0 11 10 70 16 31 0 3 7 33 62 18 9 17 2 8 5 57 40 69 66 54 28 0 4 23 24 47 26 1 60 56 0 32 41 25 29 21 30 22 27 43 52 48 45 53 44 42 46 50 51 49 38 68 39 59 61 65 58 64 37 67 63 35 15 19 13 12 6 71 36 14 34 55 20
Vehicle #0 : 0 (12) 11 (13) 10 (36) 70 (30) 16 (13) 31 (6) 0
Vehicle #1 : 0 (18) 3 (5) 7 (22) 33 (8) 62 (11) 18 (25) 9 (28) 17 (3) 2 (23) 8 (4) 5 (25) 57 (14) 40 (5) 69 (5) 66 (10) 54 (13) 28 (13) 0
Vehicle #2 : 0 (21) 4 (29) 23 (1) 24 (11) 47 (12) 26 (21) 1 (9) 60 (4) 56 (11) 0
Vehicle #3 : 0 (6) 32 (6) 41 (7) 25 (4) 29 (3) 21 (1) 30 (2) 22 (4) 27 (9) 43 (8) 52 (6) 48 (3) 45 (2) 53 (2) 44 (1) 42 (1) 46 (6) 50 (1) 51 (1) 49 (17) 38 (6) 68 (3) 39 (4) 59 (2) 61 (4) 65 (3) 58 (3) 64 (9) 37 (6) 67 (4) 63 (11) 35 (7) 15 (1) 19 (4) 13 (1) 12 (6) 6 (1) 71 (9) 36 (4) 14 (6) 34 (4) 55 (9) 20 (7) 0
 Total length : 666.57

Attempt #8 ||
Raw data:
0 33 47 1 70 4 0 62 66 11 0 8 56 24 35 16 57 9 7 18 21 30 20 26 29 27 5 3 34 0 28 48 49 50 52 45 44 46 42 53 43 51 55 54 36 60 2 10 14 15 13 19 58 65 67 63 61 31 32 41 25 22 23 71 6 12 17 59 39 37 38 64 40 69 68
Vehicle #0 : 0 (8) 33 (23) 47 (28) 1 (26) 70 (41) 4 (21) 0
Vehicle #1 : 0 (15) 62 (4) 66 (13) 11 (12) 0
Vehicle #2 : 0 (21) 8 (29) 56 (10) 24 (14) 35 (10) 16 (17) 57 (36) 9 (6) 7 (19) 18 (21) 21 (1) 30 (2) 20 (3) 26 (2) 29 (8) 27 (32) 5 (1) 3 (21) 34 (7) 0
Vehicle #3 : 0 (13) 28 (11) 48 (4) 49 (1) 50 (7) 52 (4) 45 (4) 44 (1) 46 (1) 42 (2) 53 (1) 43 (8) 51 (12) 55 (1) 54 (7) 36 (6) 60 (9) 2 (14) 10 (16) 14 (4) 15 (3) 13 (4) 19 (9) 58 (3) 65 (3) 67 (4) 63 (3) 61 (6) 31 (1) 32 (6) 41 (7) 25 (4) 22 (4) 23 (22) 71 (1) 6 (6) 12 (1) 17 (14) 59 (4) 39 (8) 37 (1) 38 (10) 64 (12) 40 (5) 69 (5) 68 (18) 0
 Total length : 743.70

Attempt #9 ||
Raw data:
0 60 1 12 33 24 47 70 0 11 56 0 62 66 69 65 54 58 68 67 39 57 41 38 37 40 49 50 51 30 29 36 61 31 34 55 45 46 43 52 42 27 25 21 23 0 22 28 26 20 59 13 8 9 4 5 7 3 10 6 71 14 17 19 15 63 32 48 44 53 64 2 18 16 35
Vehicle #0 : 0 (11) 60 (9) 1 (4) 12 (9) 33 (14) 24 (11) 47 (3) 70 (20) 0
Vehicle #1 : 0 (12) 11 (11) 56 (11) 0
Vehicle #2 : 0 (15) 62 (4) 66 (5) 69 (7) 65 (9) 54 (6) 58 (6) 68 (2) 67 (4) 39 (4) 57 (3) 41 (15) 38 (1) 37 (3) 40 (16) 49 (1) 50 (1) 51 (13) 30 (1) 29 (13) 36 (7) 61 (6) 31 (1) 34 (4) 55 (19) 45 (3) 46 (1) 43 (8) 52 (9) 42 (8) 27 (6) 25 (4) 21 (3) 23 (8) 0
Vehicle #3 : 0 (11) 22 (2) 28 (4) 26 (3) 20 (15) 59 (14) 13 (20) 8 (7) 9 (6) 4 (5) 5 (6) 7 (5) 3 (6) 10 (5) 6 (1) 71 (9) 14 (7) 17 (4) 19 (1) 15 (10) 63 (9) 32 (19) 48 (3) 44 (2) 53 (25) 64 (9) 2 (6) 18 (7) 16 (10) 35 (8) 0
 Total length : 574.85

Summary:
Average length: 732.96 (+209.27%)
Minimal length: 574.85 (+142.55%)