C201_100

r10: 485 sec

R=10

Called function with 20 Blocks:

Attempt #0 ||
Raw data:
0 31 54 89 23 18 19 12 10 0 27 30 72 35 7 3 36 34 82 46 47 42 0 93 62 99 100 68 37 38 39 4 56 26 86 83 14 17 9 81 90 0 5 61 33 40 71 70 43 96 0 75 74 66 58 60 44 15 52 80 0 20 92 95 16 13 25 0 22 24 6 69 98 55 28 91 88 84 85 76 50 73 79 41 78 8 0 1 29 64 97 94 65 49 53 59 57 45 11 21 87 0 63 2 32 51 77 0 67 48
Vehicle #0 : 0 (34) 31 (41) 54 (56) 89 (42) 23 (9) 18 (5) 19 (11) 12 (21) 10 (17) 0
Vehicle #1 : 0 (17) 27 (4) 30 (41) 72 (48) 35 (64) 7 (4) 3 (62) 36 (3) 34 (68) 82 (51) 46 (11) 47 (4) 42 (19) 0
Vehicle #2 : 0 (8) 93 (24) 62 (45) 99 (5) 100 (57) 68 (41) 37 (2) 38 (5) 39 (64) 4 (64) 56 (65) 26 (58) 86 (6) 83 (58) 14 (11) 17 (11) 9 (67) 81 (32) 90 (21) 0
Vehicle #3 : 0 (15) 5 (36) 61 (43) 33 (36) 40 (61) 71 (5) 70 (62) 43 (29) 96 (24) 0
Vehicle #4 : 0 (16) 75 (31) 74 (6) 66 (31) 58 (3) 60 (15) 44 (61) 15 (45) 52 (61) 80 (51) 0
Vehicle #5 : 0 (10) 20 (51) 92 (7) 95 (42) 16 (10) 13 (9) 25 (24) 0
Vehicle #6 : 0 (12) 22 (4) 24 (12) 6 (30) 69 (42) 98 (62) 55 (55) 28 (56) 91 (5) 88 (5) 84 (20) 85 (12) 76 (64) 50 (66) 73 (5) 79 (52) 41 (44) 78 (48) 8 (12) 0
Vehicle #7 : 0 (28) 1 (41) 29 (34) 64 (56) 97 (6) 94 (61) 65 (6) 49 (16) 53 (8) 59 (5) 57 (17) 45 (39) 11 (14) 21 (35) 87 (24) 0
Vehicle #8 : 0 (14) 63 (30) 2 (46) 32 (18) 51 (49) 77 (32) 0
Vehicle #9 : 0 (12) 67 (11) 48 (11) 0
 Total length : 3284.54

Attempt #1 ||
Raw data:
0 20 67 38 36 56 28 19 16 12 51 48 77 21 0 75 62 74 72 64 97 68 31 7 53 60 57 40 85 15 43 0 5 24 1 99 69 37 39 89 91 59 86 83 76 47 81 78 96 0 22 94 98 3 4 88 23 14 13 9 10 0 93 27 30 29 6 92 65 49 34 82 71 70 80 42 41 87 90 0 63 2 66 35 95 58 26 84 46 17 25 11 8 0 32 33 55 54 44 45 50 52 79 0 100 18 73 0 0 61
Vehicle #0 : 0 (10) 20 (20) 67 (47) 38 (7) 36 (53) 56 (62) 28 (27) 19 (7) 16 (5) 12 (55) 51 (15) 48 (36) 77 (43) 21 (12) 0
Vehicle #1 : 0 (16) 75 (30) 62 (3) 74 (5) 72 (5) 64 (56) 97 (58) 68 (32) 31 (59) 7 (66) 53 (9) 60 (10) 57 (4) 40 (57) 85 (74) 15 (47) 43 (17) 0
Vehicle #2 : 0 (15) 5 (23) 24 (37) 1 (6) 99 (46) 69 (43) 37 (5) 39 (59) 89 (6) 91 (55) 59 (53) 86 (6) 83 (27) 76 (60) 47 (55) 81 (9) 78 (16) 96 (24) 0
Vehicle #3 : 0 (12) 22 (48) 94 (10) 98 (7) 3 (4) 4 (8) 88 (51) 23 (21) 14 (10) 13 (8) 9 (8) 10 (17) 0
Vehicle #4 : 0 (8) 93 (20) 27 (4) 30 (5) 29 (9) 6 (67) 92 (64) 65 (6) 49 (47) 34 (68) 82 (28) 71 (5) 70 (11) 80 (52) 42 (2) 41 (32) 87 (10) 90 (21) 0
Vehicle #5 : 0 (14) 63 (30) 2 (35) 66 (42) 35 (73) 95 (79) 58 (64) 26 (62) 84 (49) 46 (52) 17 (10) 25 (13) 11 (9) 8 (12) 0
Vehicle #6 : 0 (32) 32 (2) 33 (42) 55 (5) 54 (14) 44 (10) 45 (4) 50 (3) 52 (62) 79 (51) 0
Vehicle #7 : 0 (38) 100 (41) 18 (89) 73 (56) 0
Vehicle #8 : Unused
Vehicle #9 : 0 (22) 61 (22) 0
 Total length : 3196.13

Attempt #2 ||
Raw data:
0 0 37 23 11 48 8 0 24 27 6 65 39 88 14 12 10 77 0 20 5 74 7 83 19 71 0 30 99 97 49 4 56 59 40 50 52 47 25 9 81 78 0 29 66 33 95 98 3 89 58 44 46 45 51 43 42 41 96 87 0 22 63 72 32 68 53 34 91 84 0 67 75 2 61 69 35 54 36 28 18 15 17 13 90 0 64 31 38 60 57 86 82 85 76 0 93 62 1 100 92 94 55 26 16 70 73 80 79 21
Vehicle #0 : Unused
Vehicle #1 : 0 (39) 37 (29) 23 (21) 11 (29) 48 (20) 8 (12) 0
Vehicle #2 : 0 (15) 24 (3) 27 (12) 6 (33) 65 (48) 39 (67) 88 (50) 14 (3) 12 (21) 10 (43) 77 (32) 0
Vehicle #3 : 0 (10) 20 (19) 5 (32) 74 (35) 7 (21) 83 (62) 19 (92) 71 (57) 0
Vehicle #4 : 0 (21) 30 (43) 99 (7) 97 (66) 49 (48) 4 (64) 56 (5) 59 (8) 40 (17) 50 (3) 52 (5) 47 (32) 25 (7) 9 (67) 81 (9) 78 (39) 0
Vehicle #5 : 0 (20) 29 (31) 66 (39) 33 (67) 95 (6) 98 (7) 3 (8) 89 (62) 58 (16) 44 (5) 46 (6) 45 (5) 51 (9) 43 (3) 42 (2) 41 (28) 96 (6) 87 (24) 0
Vehicle #6 : 0 (12) 22 (25) 63 (10) 72 (44) 32 (34) 68 (25) 53 (54) 34 (54) 91 (10) 84 (31) 0
Vehicle #7 : 0 (12) 67 (25) 75 (5) 2 (40) 61 (7) 69 (40) 35 (45) 54 (51) 36 (10) 28 (23) 18 (7) 15 (5) 17 (4) 13 (43) 90 (21) 0
Vehicle #8 : 0 (22) 64 (38) 31 (11) 38 (49) 60 (10) 57 (49) 86 (9) 82 (14) 85 (12) 76 (52) 0
Vehicle #9 : 0 (8) 93 (24) 62 (40) 1 (10) 100 (12) 92 (4) 94 (71) 55 (58) 26 (26) 16 (93) 70 (3) 73 (9) 80 (5) 79 (63) 21 (12) 0
 Total length : 2935.68

Attempt #3 ||
Raw data:
0 67 62 74 72 65 35 58 14 12 43 42 11 10 0 20 5 2 97 98 56 60 40 51 50 52 47 25 9 78 0 69 44 8 0 22 99 33 49 39 3 84 46 81 0 92 36 53 73 0 93 27 64 100 94 37 38 34 91 88 86 83 85 71 70 80 79 41 48 87 0 75 30 66 54 59 76 13 0 63 24 29 61 6 32 31 55 7 4 89 26 57 18 19 16 45 15 17 21 0 1 68 95 28 23 82 77 96 0 90
Vehicle #0 : 0 (12) 67 (6) 62 (3) 74 (5) 72 (10) 65 (40) 35 (45) 58 (82) 14 (3) 12 (51) 43 (3) 42 (37) 11 (3) 10 (17) 0
Vehicle #1 : 0 (10) 20 (19) 5 (6) 2 (21) 97 (10) 98 (72) 56 (5) 60 (13) 40 (16) 51 (2) 50 (3) 52 (5) 47 (32) 25 (7) 9 (58) 78 (39) 0
Vehicle #2 : 0 (16) 69 (20) 44 (40) 8 (12) 0
Vehicle #3 : 0 (12) 22 (39) 99 (62) 33 (45) 49 (54) 39 (66) 3 (14) 84 (49) 46 (52) 81 (47) 0
Vehicle #4 : 0 (44) 92 (74) 36 (56) 53 (54) 73 (56) 0
Vehicle #5 : 0 (8) 93 (20) 27 (33) 64 (55) 100 (10) 94 (76) 37 (2) 38 (9) 34 (54) 91 (5) 88 (5) 86 (6) 83 (17) 85 (14) 71 (5) 70 (11) 80 (5) 79 (52) 41 (8) 48 (29) 87 (24) 0
Vehicle #6 : 0 (16) 75 (27) 30 (34) 66 (25) 54 (4) 59 (58) 76 (79) 13 (31) 0
Vehicle #7 : 0 (14) 63 (27) 24 (5) 29 (36) 61 (36) 6 (6) 32 (5) 31 (38) 55 (57) 7 (4) 4 (4) 89 (48) 26 (56) 57 (64) 18 (5) 19 (7) 16 (56) 45 (51) 15 (5) 17 (22) 21 (12) 0
Vehicle #8 : 0 (28) 1 (46) 68 (54) 95 (63) 28 (15) 23 (62) 82 (10) 77 (11) 96 (24) 0
Vehicle #9 : 0 (21) 90 (21) 0
 Total length : 3085.67

Attempt #4 ||
Raw data:
0 0 69 34 40 0 24 62 2 99 100 94 55 58 91 88 86 82 76 50 80 42 11 8 77 96 0 95 4 45 0 20 27 65 37 7 54 57 83 85 70 47 9 0 75 74 29 6 38 36 89 59 18 14 71 73 79 78 0 67 5 1 61 33 68 49 53 56 60 26 23 19 16 25 81 10 90 0 93 63 72 44 51 15 13 41 48 0 22 66 97 92 35 39 28 46 52 43 21 87 0 30 64 32 31 98 3 84 12 17
Vehicle #0 : Unused
Vehicle #1 : 0 (16) 69 (38) 34 (39) 40 (32) 0
Vehicle #2 : 0 (15) 24 (29) 62 (35) 2 (14) 99 (5) 100 (10) 94 (71) 55 (11) 58 (59) 91 (5) 88 (5) 86 (9) 82 (25) 76 (64) 50 (59) 80 (52) 42 (37) 11 (9) 8 (41) 77 (11) 96 (24) 0
Vehicle #3 : 0 (37) 95 (14) 4 (47) 45 (22) 0
Vehicle #4 : 0 (10) 20 (7) 27 (34) 65 (45) 37 (64) 7 (62) 54 (6) 57 (52) 83 (17) 85 (18) 70 (65) 47 (35) 9 (23) 0
Vehicle #5 : 0 (16) 75 (31) 74 (36) 29 (9) 6 (16) 38 (7) 36 (54) 89 (57) 59 (69) 18 (12) 14 (88) 71 (6) 73 (5) 79 (13) 78 (39) 0
Vehicle #6 : 0 (12) 67 (25) 5 (14) 1 (45) 61 (43) 33 (35) 68 (12) 49 (16) 53 (4) 56 (5) 60 (63) 26 (7) 23 (14) 19 (7) 16 (19) 25 (70) 81 (59) 10 (27) 90 (21) 0
Vehicle #7 : 0 (8) 93 (20) 63 (10) 72 (23) 44 (12) 51 (50) 15 (5) 13 (45) 41 (8) 48 (11) 0
Vehicle #8 : 0 (12) 22 (25) 66 (52) 97 (7) 92 (80) 35 (11) 39 (11) 28 (42) 46 (13) 52 (8) 43 (21) 21 (35) 87 (24) 0
Vehicle #9 : 0 (21) 30 (38) 64 (39) 32 (5) 31 (62) 98 (7) 3 (14) 84 (52) 12 (12) 17 (33) 0
 Total length : 3056.05

Attempt #5 ||
Raw data:
0 93 75 1 29 32 97 35 7 91 40 16 70 73 11 87 90 0 27 33 55 56 26 23 18 44 45 43 41 0 20 22 99 92 94 37 38 39 59 57 82 12 15 9 81 78 0 67 63 64 6 65 95 54 58 60 19 46 85 80 42 0 30 31 49 89 83 71 17 25 10 77 96 0 74 0 5 2 72 61 66 69 68 36 53 88 86 14 51 50 47 79 48 21 0 62 100 98 3 34 28 84 76 52 13 8 0 4 0 24
Vehicle #0 : 0 (8) 93 (8) 75 (12) 1 (41) 29 (14) 32 (67) 97 (74) 35 (64) 7 (10) 91 (48) 40 (69) 16 (93) 70 (3) 73 (69) 11 (37) 87 (10) 90 (21) 0
Vehicle #1 : 0 (17) 27 (19) 33 (42) 55 (10) 56 (65) 26 (7) 23 (9) 18 (58) 44 (10) 45 (6) 43 (4) 41 (19) 0
Vehicle #2 : 0 (10) 20 (3) 22 (39) 99 (13) 92 (4) 94 (76) 37 (2) 38 (5) 39 (52) 59 (5) 57 (54) 82 (58) 12 (7) 15 (13) 9 (67) 81 (9) 78 (39) 0
Vehicle #3 : 0 (12) 67 (3) 63 (10) 64 (34) 6 (33) 65 (58) 95 (73) 54 (6) 58 (3) 60 (78) 19 (58) 46 (56) 85 (21) 80 (52) 42 (19) 0
Vehicle #4 : 0 (21) 30 (22) 31 (41) 49 (45) 89 (18) 83 (30) 71 (87) 17 (10) 25 (13) 10 (43) 77 (11) 96 (24) 0
Vehicle #5 : 0 (20) 74 (20) 0
Vehicle #6 : 0 (15) 5 (6) 2 (41) 72 (3) 61 (6) 66 (2) 69 (6) 68 (40) 36 (56) 53 (59) 88 (5) 86 (53) 14 (55) 51 (2) 50 (5) 47 (57) 79 (52) 48 (17) 21 (12) 0
Vehicle #7 : 0 (18) 62 (50) 100 (10) 98 (7) 3 (59) 34 (11) 28 (66) 84 (30) 76 (65) 52 (40) 13 (19) 8 (12) 0
Vehicle #8 : 0 (26) 4 (26) 0
Vehicle #9 : 0 (15) 24 (15) 0
 Total length : 3252.30

Attempt #6 ||
Raw data:
0 29 35 54 36 34 28 60 59 44 12 17 13 80 79 0 72 6 56 57 82 0 22 31 37 38 4 89 58 40 83 85 71 70 73 81 78 48 96 0 32 33 68 65 39 19 15 42 77 0 20 27 30 1 94 49 26 88 86 46 45 41 21 0 93 67 99 97 25 10 0 75 2 100 69 92 7 3 53 43 9 0 5 63 74 64 66 98 55 18 76 52 87 0 24 62 61 95 91 84 23 16 14 51 50 47 11 8 90 0
Vehicle #0 : 0 (20) 29 (21) 35 (45) 54 (51) 36 (3) 34 (11) 28 (59) 60 (6) 59 (12) 44 (65) 12 (12) 17 (4) 13 (80) 80 (5) 79 (51) 0
Vehicle #1 : 0 (24) 72 (39) 6 (44) 56 (10) 57 (54) 82 (35) 0
Vehicle #2 : 0 (12) 22 (25) 31 (9) 37 (2) 38 (65) 4 (4) 89 (62) 58 (13) 40 (52) 83 (17) 85 (14) 71 (5) 70 (3) 73 (9) 81 (9) 78 (42) 48 (26) 96 (24) 0
Vehicle #3 : 0 (32) 32 (2) 33 (35) 68 (5) 65 (48) 39 (38) 19 (5) 15 (50) 42 (41) 77 (32) 0
Vehicle #4 : 0 (10) 20 (7) 27 (4) 30 (38) 1 (15) 94 (64) 49 (58) 26 (57) 88 (5) 86 (44) 46 (6) 45 (5) 41 (25) 21 (12) 0
Vehicle #5 : 0 (8) 93 (19) 67 (41) 99 (7) 97 (42) 25 (13) 10 (17) 0
Vehicle #6 : 0 (16) 75 (5) 2 (18) 100 (51) 69 (55) 92 (17) 7 (4) 3 (66) 53 (32) 43 (35) 9 (23) 0
Vehicle #7 : 0 (15) 5 (26) 63 (6) 74 (7) 64 (5) 66 (41) 98 (62) 55 (66) 18 (85) 76 (65) 52 (41) 87 (24) 0
Vehicle #8 : 0 (15) 24 (29) 62 (5) 61 (51) 95 (20) 91 (10) 84 (57) 23 (20) 16 (2) 14 (55) 51 (2) 50 (5) 47 (34) 11 (9) 8 (26) 90 (21) 0
Vehicle #9 : Unused
 Total length : 2960.57

Attempt #7 ||
Raw data:
0 93 74 49 54 18 15 17 25 42 11 8 77 87 0 24 2 1 66 69 95 38 39 36 23 83 16 70 78 0 34 28 85 45 51 47 43 41 0 67 62 100 97 31 35 98 4 26 88 82 73 0 75 65 7 56 58 84 86 71 48 0 63 6 32 92 94 37 57 44 76 80 79 10 21 90 0 5 99 33 53 89 19 14 13 81 96 0 20 22 27 72 61 64 68 55 3 91 59 46 12 52 9 0 30 60 40 0 29 50
Vehicle #0 : 0 (8) 93 (25) 74 (16) 49 (12) 54 (70) 18 (7) 15 (5) 17 (10) 25 (36) 42 (37) 11 (9) 8 (41) 77 (8) 87 (24) 0
Vehicle #1 : 0 (15) 24 (28) 2 (9) 1 (40) 66 (2) 69 (48) 95 (74) 38 (5) 39 (5) 36 (23) 23 (59) 83 (60) 16 (93) 70 (20) 78 (39) 0
Vehicle #2 : 0 (32) 34 (11) 28 (82) 85 (58) 45 (5) 51 (7) 47 (3) 43 (4) 41 (19) 0
Vehicle #3 : 0 (12) 67 (6) 62 (50) 100 (5) 97 (71) 31 (5) 35 (66) 98 (9) 4 (52) 26 (57) 88 (11) 82 (30) 73 (56) 0
Vehicle #4 : 0 (16) 75 (40) 65 (47) 7 (67) 56 (2) 58 (62) 84 (5) 86 (35) 71 (59) 48 (11) 0
Vehicle #5 : 0 (14) 63 (34) 6 (6) 32 (73) 92 (4) 94 (76) 37 (44) 57 (8) 44 (60) 76 (11) 80 (5) 79 (63) 10 (11) 21 (30) 90 (21) 0
Vehicle #6 : 0 (15) 5 (20) 99 (62) 33 (50) 53 (60) 89 (44) 19 (9) 14 (10) 13 (75) 81 (24) 96 (24) 0
Vehicle #7 : 0 (10) 20 (3) 22 (5) 27 (37) 72 (3) 61 (2) 64 (6) 68 (15) 55 (58) 3 (9) 91 (55) 59 (16) 46 (61) 12 (50) 52 (35) 9 (23) 0
Vehicle #8 : 0 (21) 30 (52) 60 (13) 40 (32) 0
Vehicle #9 : 0 (20) 29 (19) 50 (23) 0
 Total length : 3244.41

Attempt #8 ||
Raw data:
0 20 30 61 35 37 55 3 88 16 15 41 0 67 2 1 99 66 68 54 34 86 14 48 21 96 0 33 39 0 31 65 98 38 91 85 12 25 0 93 75 32 60 59 84 51 52 43 79 81 8 0 22 64 100 95 36 89 23 57 82 46 50 17 13 11 78 0 5 63 62 29 97 69 94 7 4 28 26 18 19 76 9 42 10 77 0 27 72 56 40 44 45 47 0 24 74 6 92 49 53 58 83 71 70 73 80 87 90 0
Vehicle #0 : 0 (10) 20 (11) 30 (39) 61 (45) 35 (6) 37 (47) 55 (58) 3 (9) 88 (51) 16 (5) 15 (50) 41 (19) 0
Vehicle #1 : 0 (12) 67 (30) 2 (9) 1 (6) 99 (46) 66 (7) 68 (20) 54 (49) 34 (59) 86 (53) 14 (47) 48 (17) 21 (36) 96 (24) 0
Vehicle #2 : 0 (34) 33 (9) 39 (40) 0
Vehicle #3 : 0 (34) 31 (35) 65 (52) 98 (68) 38 (63) 91 (30) 85 (72) 12 (19) 25 (24) 0
Vehicle #4 : 0 (8) 93 (8) 75 (43) 32 (43) 60 (6) 59 (58) 84 (53) 51 (5) 52 (8) 43 (54) 79 (5) 81 (57) 8 (12) 0
Vehicle #5 : 0 (12) 22 (30) 64 (55) 100 (9) 95 (67) 36 (54) 89 (42) 23 (56) 57 (54) 82 (51) 46 (11) 50 (44) 17 (4) 13 (14) 11 (52) 78 (39) 0
Vehicle #6 : 0 (15) 5 (26) 63 (5) 62 (34) 29 (53) 97 (52) 69 (51) 94 (14) 7 (4) 4 (57) 28 (8) 26 (15) 18 (5) 19 (87) 76 (71) 9 (38) 42 (34) 10 (43) 77 (32) 0
Vehicle #7 : 0 (17) 27 (37) 72 (28) 56 (14) 40 (4) 44 (10) 45 (5) 47 (18) 0
Vehicle #8 : 0 (15) 24 (32) 74 (38) 6 (67) 92 (68) 49 (16) 53 (6) 58 (60) 83 (30) 71 (5) 70 (3) 73 (9) 80 (30) 87 (10) 90 (21) 0
Vehicle #9 : Unused
 Total length : 3387.75

Attempt #9 ||
Raw data:
0 93 2 30 1 37 55 54 56 85 76 70 13 9 42 0 36 4 89 91 59 57 82 0 22 24 72 64 66 68 31 35 39 26 86 18 44 46 71 73 80 79 81 8 0 5 100 98 48 21 0 16 0 67 63 75 27 29 97 92 94 95 38 58 88 84 19 45 51 52 47 77 0 74 99 69 33 65 49 14 11 10 87 90 0 7 28 23 83 15 50 25 78 0 20 62 61 6 32 3 53 34 60 40 12 17 43 41 96 0
Vehicle #0 : 0 (8) 93 (12) 2 (29) 30 (38) 1 (61) 37 (47) 55 (5) 54 (5) 56 (62) 85 (12) 76 (7) 70 (86) 13 (8) 9 (38) 42 (19) 0
Vehicle #1 : 0 (35) 36 (59) 4 (4) 89 (6) 91 (55) 59 (5) 57 (54) 82 (35) 0
Vehicle #2 : 0 (12) 22 (4) 24 (34) 72 (5) 64 (5) 66 (7) 68 (32) 31 (5) 35 (11) 39 (19) 26 (58) 86 (55) 18 (58) 44 (5) 46 (62) 71 (6) 73 (9) 80 (5) 79 (5) 81 (57) 8 (12) 0
Vehicle #3 : 0 (15) 5 (24) 100 (10) 98 (41) 48 (17) 21 (12) 0
Vehicle #4 : 0 (40) 16 (40) 0
Vehicle #5 : 0 (12) 67 (3) 63 (25) 75 (26) 27 (4) 29 (53) 97 (7) 92 (4) 94 (4) 95 (74) 38 (52) 58 (61) 88 (5) 84 (59) 19 (52) 45 (5) 51 (5) 52 (5) 47 (43) 77 (32) 0
Vehicle #6 : 0 (20) 74 (45) 99 (46) 69 (37) 33 (39) 65 (6) 49 (70) 14 (21) 11 (3) 10 (35) 87 (10) 90 (21) 0
Vehicle #7 : 0 (27) 7 (56) 28 (15) 23 (59) 83 (58) 15 (48) 50 (34) 25 (62) 78 (39) 0
Vehicle #8 : 0 (10) 20 (25) 62 (5) 61 (36) 6 (6) 32 (60) 3 (66) 53 (54) 34 (48) 60 (13) 40 (68) 12 (12) 17 (43) 43 (4) 41 (28) 96 (24) 0
Vehicle #9 : Unused
 Total length : 3142.83

Summary:
Average length: 3154.59 (+435.49%)
Minimal length: 2935.68 (+398.33%)
Fail Rate: 0 %

R=30

Called function with 20 Blocks:

Attempt #0 ||
Raw data:
0 90 0 100 33 95 3 53 40 17 52 9 0 93 67 2 29 66 54 56 84 86 82 51 50 73 47 79 78 48 21 0 5 74 1 97 92 35 37 38 28 18 85 76 0 75 62 61 99 94 98 4 91 45 71 80 0 63 72 69 68 31 26 44 46 0 24 23 57 83 15 43 81 8 0 22 30 64 55 7 34 88 11 10 0 20 27 6 32 65 49 39 36 58 60 59 19 16 14 12 70 13 25 42 41 77 96 87 0 89
Vehicle #0 : 0 (21) 90 (21) 0
Vehicle #1 : 0 (38) 100 (65) 33 (67) 95 (11) 3 (66) 53 (15) 40 (60) 17 (41) 52 (35) 9 (23) 0
Vehicle #2 : 0 (8) 93 (19) 67 (30) 2 (32) 29 (31) 66 (25) 54 (5) 56 (61) 84 (5) 86 (9) 82 (56) 51 (2) 50 (66) 73 (62) 47 (57) 79 (13) 78 (42) 48 (17) 21 (12) 0
Vehicle #3 : 0 (15) 5 (32) 74 (40) 1 (13) 97 (7) 92 (80) 35 (6) 37 (2) 38 (16) 28 (23) 18 (77) 85 (12) 76 (52) 0
Vehicle #4 : 0 (16) 75 (30) 62 (5) 61 (50) 99 (10) 94 (10) 98 (9) 4 (6) 91 (42) 45 (65) 71 (14) 80 (51) 0
Vehicle #5 : 0 (14) 63 (10) 72 (9) 69 (6) 68 (32) 31 (27) 26 (48) 44 (5) 46 (26) 0
Vehicle #6 : 0 (15) 24 (19) 23 (56) 57 (52) 83 (58) 15 (47) 43 (52) 81 (57) 8 (12) 0
Vehicle #7 : 0 (12) 22 (9) 30 (38) 64 (16) 55 (57) 7 (56) 34 (59) 88 (31) 11 (3) 10 (17) 0
Vehicle #8 : 0 (10) 20 (7) 27 (12) 6 (6) 32 (37) 65 (6) 49 (54) 39 (5) 36 (52) 58 (3) 60 (6) 59 (74) 19 (7) 16 (2) 14 (3) 12 (89) 70 (86) 13 (9) 25 (36) 42 (2) 41 (39) 77 (11) 96 (6) 87 (24) 0
Vehicle #9 : 0 (21) 89 (21) 0
 Total length : 3174.68

Attempt #1 ||
Raw data:
0 22 75 62 72 66 92 68 95 7 54 56 58 26 59 57 46 76 70 73 0 97 53 88 83 43 0 31 65 4 48 0 20 67 24 27 30 29 32 49 98 39 36 34 23 86 40 45 50 47 25 81 78 87 0 93 5 64 6 69 94 55 89 28 60 18 16 14 12 15 17 9 42 41 77 96 0 63 2 1 61 100 35 37 38 91 82 85 71 13 79 11 10 8 21 90 0 99 33 3 84 19 51 80 0 74 44 52 0 0
Vehicle #0 : 0 (12) 22 (21) 75 (30) 62 (6) 72 (8) 66 (54) 92 (60) 68 (54) 95 (11) 7 (62) 54 (5) 56 (2) 58 (64) 26 (60) 59 (5) 57 (11) 46 (57) 76 (7) 70 (3) 73 (56) 0
Vehicle #1 : 0 (40) 97 (82) 53 (59) 88 (9) 83 (44) 43 (17) 0
Vehicle #2 : 0 (34) 31 (35) 65 (44) 4 (35) 48 (11) 0
Vehicle #3 : 0 (10) 20 (20) 67 (24) 24 (3) 27 (4) 30 (5) 29 (14) 32 (43) 49 (56) 98 (65) 39 (5) 36 (3) 34 (22) 23 (53) 86 (48) 40 (13) 45 (4) 50 (5) 47 (32) 25 (70) 81 (9) 78 (15) 87 (24) 0
Vehicle #4 : 0 (8) 93 (7) 5 (36) 64 (34) 6 (30) 69 (51) 94 (71) 55 (51) 89 (53) 28 (59) 60 (73) 18 (11) 16 (2) 14 (3) 12 (7) 15 (5) 17 (11) 9 (38) 42 (2) 41 (39) 77 (11) 96 (24) 0
Vehicle #5 : 0 (14) 63 (30) 2 (9) 1 (45) 61 (55) 100 (71) 35 (6) 37 (2) 38 (63) 91 (16) 82 (14) 85 (14) 71 (83) 13 (79) 79 (65) 11 (3) 10 (6) 8 (6) 21 (30) 90 (21) 0
Vehicle #6 : 0 (34) 99 (62) 33 (61) 3 (14) 84 (59) 19 (51) 51 (60) 80 (51) 0
Vehicle #7 : 0 (20) 74 (26) 44 (17) 52 (21) 0
Vehicle #8 : Unused
Vehicle #9 : Unused
 Total length : 3280.30

Attempt #2 ||
Raw data:
0 62 72 66 58 28 86 76 50 13 80 87 0 20 67 1 92 65 49 37 54 53 60 59 40 44 46 85 71 17 11 10 78 0 64 69 57 42 0 63 5 27 30 29 6 33 68 95 98 3 36 34 23 82 15 25 81 0 39 70 8 0 24 75 2 32 31 38 56 14 12 9 96 0 100 7 88 84 83 19 51 43 0 61 99 97 94 4 89 91 26 18 16 45 52 47 79 41 48 21 90 0 93 22 74 35 55 73 77 0
Vehicle #0 : 0 (18) 62 (6) 72 (8) 66 (31) 58 (60) 28 (62) 86 (31) 76 (64) 50 (43) 13 (80) 80 (30) 87 (24) 0
Vehicle #1 : 0 (10) 20 (20) 67 (35) 1 (18) 92 (64) 65 (6) 49 (50) 37 (50) 54 (5) 53 (9) 60 (6) 59 (8) 40 (4) 44 (5) 46 (56) 85 (14) 71 (87) 17 (18) 11 (3) 10 (50) 78 (39) 0
Vehicle #2 : 0 (22) 64 (6) 69 (21) 57 (18) 42 (19) 0
Vehicle #3 : 0 (14) 63 (26) 5 (23) 27 (4) 30 (5) 29 (9) 6 (8) 33 (35) 68 (54) 95 (6) 98 (7) 3 (62) 36 (3) 34 (22) 23 (62) 82 (60) 15 (14) 25 (70) 81 (47) 0
Vehicle #4 : 0 (40) 39 (96) 70 (68) 8 (12) 0
Vehicle #5 : 0 (15) 24 (25) 75 (5) 2 (46) 32 (5) 31 (11) 38 (53) 56 (82) 14 (3) 12 (15) 9 (45) 96 (24) 0
Vehicle #6 : 0 (38) 100 (15) 7 (12) 88 (5) 84 (4) 83 (62) 19 (51) 51 (9) 43 (17) 0
Vehicle #7 : 0 (22) 61 (50) 99 (7) 97 (6) 94 (17) 4 (4) 89 (6) 91 (52) 26 (15) 18 (11) 16 (56) 45 (7) 52 (5) 47 (57) 79 (52) 41 (8) 48 (17) 21 (30) 90 (21) 0
Vehicle #8 : 0 (8) 93 (15) 22 (30) 74 (48) 35 (42) 55 (52) 73 (25) 77 (32) 0
Vehicle #9 : Unused
 Total length : 3094.43

Attempt #3 ||
Raw data:
0 0 22 5 75 1 99 100 97 92 98 7 3 4 89 88 86 83 16 12 48 21 0 20 74 72 6 35 38 39 36 91 84 82 85 76 79 11 0 93 63 64 49 54 53 56 59 40 44 51 50 47 43 42 41 0 27 29 94 95 17 13 9 10 0 24 30 32 33 31 65 55 46 45 52 8 0 2 37 34 28 26 23 18 19 14 15 25 0 0 0 67 62 61 66 69 68 58 60 57 71 70 73 80 81 78 77 96 87 90
Vehicle #0 : Unused
Vehicle #1 : 0 (12) 22 (19) 5 (3) 75 (12) 1 (6) 99 (5) 100 (5) 97 (7) 92 (13) 98 (5) 7 (4) 3 (4) 4 (4) 89 (10) 88 (5) 86 (6) 83 (60) 16 (5) 12 (46) 48 (17) 21 (12) 0
Vehicle #2 : 0 (10) 20 (27) 74 (5) 72 (39) 6 (13) 35 (7) 38 (5) 39 (5) 36 (57) 91 (10) 84 (6) 82 (14) 85 (12) 76 (6) 79 (65) 11 (20) 0
Vehicle #3 : 0 (8) 93 (20) 63 (10) 64 (10) 49 (12) 54 (5) 53 (4) 56 (5) 59 (8) 40 (4) 44 (12) 51 (2) 50 (5) 47 (3) 43 (3) 42 (2) 41 (19) 0
Vehicle #4 : 0 (17) 27 (4) 29 (55) 94 (4) 95 (44) 17 (4) 13 (8) 9 (8) 10 (17) 0
Vehicle #5 : 0 (15) 24 (7) 30 (18) 32 (2) 33 (5) 31 (35) 65 (10) 55 (13) 46 (6) 45 (7) 52 (27) 8 (12) 0
Vehicle #6 : 0 (21) 2 (52) 37 (8) 34 (11) 28 (8) 26 (7) 23 (9) 18 (5) 19 (9) 14 (5) 15 (14) 25 (24) 0
Vehicle #7 : Unused
Vehicle #8 : Unused
Vehicle #9 : 0 (12) 67 (6) 62 (5) 61 (6) 66 (2) 69 (6) 68 (25) 58 (3) 60 (10) 57 (60) 71 (5) 70 (3) 73 (9) 80 (10) 81 (9) 78 (8) 77 (11) 96 (6) 87 (10) 90 (21) 0
 Total length : 1413.45

Attempt #4 ||
Raw data:
0 24 29 92 55 54 58 57 45 42 41 0 100 97 94 56 40 0 27 72 66 35 38 53 4 91 59 86 83 44 85 76 52 79 81 78 77 0 67 5 75 1 88 18 19 16 14 50 73 10 87 0 20 63 2 99 33 68 37 39 3 89 28 26 82 71 70 25 43 48 0 22 62 74 61 64 65 95 84 23 46 13 47 11 96 0 0 32 69 60 0 93 30 6 31 49 98 7 36 34 12 15 17 80 9 8 21 90 0 51
Vehicle #0 : 0 (15) 24 (5) 29 (59) 92 (74) 55 (5) 54 (6) 58 (10) 57 (17) 45 (4) 42 (2) 41 (19) 0
Vehicle #1 : 0 (38) 100 (5) 97 (6) 94 (81) 56 (14) 40 (32) 0
Vehicle #2 : 0 (17) 27 (37) 72 (8) 66 (42) 35 (7) 38 (56) 53 (63) 4 (6) 91 (55) 59 (53) 86 (6) 83 (53) 44 (60) 85 (12) 76 (65) 52 (62) 79 (5) 81 (9) 78 (8) 77 (32) 0
Vehicle #3 : 0 (12) 67 (25) 5 (3) 75 (12) 1 (20) 88 (52) 18 (5) 19 (7) 16 (2) 14 (53) 50 (66) 73 (67) 10 (35) 87 (24) 0
Vehicle #4 : 0 (10) 20 (22) 63 (30) 2 (14) 99 (62) 33 (35) 68 (41) 37 (5) 39 (66) 3 (8) 89 (53) 28 (8) 26 (67) 82 (28) 71 (5) 70 (81) 25 (33) 43 (6) 48 (11) 0
Vehicle #5 : 0 (12) 22 (28) 62 (3) 74 (6) 61 (2) 64 (6) 65 (58) 95 (23) 84 (57) 23 (46) 46 (51) 13 (41) 47 (34) 11 (40) 96 (24) 0
Vehicle #6 : Unused
Vehicle #7 : 0 (32) 32 (35) 69 (32) 60 (45) 0
Vehicle #8 : 0 (8) 93 (22) 30 (14) 6 (9) 31 (41) 49 (56) 98 (5) 7 (59) 36 (3) 34 (43) 12 (7) 15 (5) 17 (84) 80 (73) 9 (12) 8 (6) 21 (30) 90 (21) 0
Vehicle #9 : 0 (25) 51 (25) 0
 Total length : 3141.80

Attempt #5 ||
Raw data:
0 5 62 27 30 91 46 0 61 35 38 55 59 57 14 52 43 11 0 93 63 6 0 72 64 66 33 31 39 54 34 23 19 45 15 41 96 87 0 22 75 98 36 28 85 71 70 73 42 0 1 94 95 4 84 82 76 51 8 21 0 29 88 80 0 20 67 24 74 100 69 92 49 7 3 89 26 18 40 16 12 13 47 79 81 78 77 90 0 2 99 32 97 68 65 37 53 56 58 60 86 83 44 50 17 25 9 10 48 0
Vehicle #0 : 0 (15) 5 (31) 62 (32) 27 (4) 30 (40) 91 (44) 46 (26) 0
Vehicle #1 : 0 (22) 61 (45) 35 (7) 38 (49) 55 (6) 59 (5) 57 (72) 14 (50) 52 (8) 43 (34) 11 (20) 0
Vehicle #2 : 0 (8) 93 (20) 63 (34) 6 (25) 0
Vehicle #3 : 0 (24) 72 (5) 64 (5) 66 (39) 33 (5) 31 (14) 39 (55) 54 (49) 34 (22) 23 (14) 19 (52) 45 (51) 15 (50) 41 (28) 96 (6) 87 (24) 0
Vehicle #4 : 0 (12) 22 (21) 75 (16) 98 (61) 36 (10) 28 (82) 85 (14) 71 (5) 70 (3) 73 (59) 42 (19) 0
Vehicle #5 : 0 (28) 1 (15) 94 (4) 95 (14) 4 (13) 84 (6) 82 (25) 76 (65) 51 (31) 8 (6) 21 (12) 0
Vehicle #6 : 0 (20) 29 (46) 88 (40) 80 (51) 0
Vehicle #7 : 0 (10) 20 (20) 67 (24) 24 (32) 74 (50) 100 (51) 69 (55) 92 (68) 49 (51) 7 (4) 3 (8) 89 (48) 26 (15) 18 (61) 40 (69) 16 (5) 12 (10) 13 (41) 47 (57) 79 (5) 81 (9) 78 (8) 77 (16) 90 (21) 0
Vehicle #8 : 0 (21) 2 (14) 99 (60) 32 (67) 97 (58) 68 (5) 65 (45) 37 (55) 53 (4) 56 (2) 58 (3) 60 (59) 86 (6) 83 (53) 44 (13) 50 (44) 17 (10) 25 (7) 9 (8) 10 (26) 48 (11) 0
Vehicle #9 : Unused
 Total length : 3028.53

Attempt #6 ||
Raw data:
0 72 61 66 68 55 58 60 59 86 47 43 42 90 0 5 29 32 33 98 54 56 83 10 96 87 0 67 19 12 15 17 13 79 41 0 75 1 100 95 3 4 34 28 23 18 14 25 11 77 0 20 22 27 74 30 6 69 65 49 53 44 45 50 52 9 8 21 0 97 92 94 88 84 82 46 51 71 70 73 80 78 0 93 24 62 2 37 38 39 36 89 91 26 40 16 85 76 81 0 63 99 64 31 35 7 0 0 57 48
Vehicle #0 : 0 (24) 72 (3) 61 (6) 66 (7) 68 (15) 55 (11) 58 (3) 60 (6) 59 (53) 86 (41) 47 (3) 43 (3) 42 (35) 90 (21) 0
Vehicle #1 : 0 (15) 5 (27) 29 (14) 32 (2) 33 (61) 98 (67) 54 (5) 56 (59) 83 (39) 10 (37) 96 (6) 87 (24) 0
Vehicle #2 : 0 (12) 67 (51) 19 (11) 12 (7) 15 (5) 17 (4) 13 (79) 79 (52) 41 (19) 0
Vehicle #3 : 0 (16) 75 (12) 1 (10) 100 (9) 95 (11) 3 (4) 4 (56) 34 (11) 28 (15) 23 (9) 18 (12) 14 (19) 25 (13) 11 (44) 77 (32) 0
Vehicle #4 : 0 (10) 20 (3) 22 (5) 27 (34) 74 (39) 30 (14) 6 (30) 69 (10) 65 (6) 49 (16) 53 (19) 44 (10) 45 (4) 50 (3) 52 (35) 9 (12) 8 (6) 21 (12) 0
Vehicle #5 : 0 (40) 97 (7) 92 (4) 94 (22) 88 (5) 84 (6) 82 (51) 46 (10) 51 (70) 71 (5) 70 (3) 73 (9) 80 (17) 78 (39) 0
Vehicle #6 : 0 (8) 93 (19) 24 (29) 62 (35) 2 (52) 37 (2) 38 (5) 39 (5) 36 (54) 89 (6) 91 (52) 26 (52) 40 (69) 16 (77) 85 (12) 76 (5) 81 (47) 0
Vehicle #7 : 0 (14) 63 (40) 99 (50) 64 (38) 31 (5) 35 (64) 7 (27) 0
Vehicle #8 : Unused
Vehicle #9 : 0 (35) 57 (25) 48 (11) 0
 Total length : 2497.16

Attempt #7 ||
Raw data:
0 0 22 2 100 95 4 89 88 84 18 82 85 76 71 70 73 80 79 81 48 0 93 1 99 97 92 94 98 7 3 86 83 19 16 15 17 0 63 5 24 27 29 33 55 53 56 58 60 59 40 44 46 45 13 0 67 6 32 31 37 38 39 28 26 23 14 12 42 78 77 87 0 20 30 72 66 68 65 49 54 34 51 50 0 74 61 69 91 0 75 35 36 43 41 0 10 0 62 64 57 52 47 25 9 11 8 21 96 90
Vehicle #0 : Unused
Vehicle #1 : 0 (12) 22 (25) 2 (18) 100 (9) 95 (14) 4 (4) 89 (10) 88 (5) 84 (58) 18 (63) 82 (14) 85 (12) 76 (5) 71 (5) 70 (3) 73 (9) 80 (5) 79 (5) 81 (49) 48 (11) 0
Vehicle #2 : 0 (8) 93 (20) 1 (6) 99 (7) 97 (7) 92 (4) 94 (10) 98 (5) 7 (4) 3 (15) 86 (6) 83 (62) 19 (7) 16 (5) 15 (5) 17 (33) 0
Vehicle #3 : 0 (14) 63 (26) 5 (23) 24 (3) 27 (4) 29 (16) 33 (42) 55 (10) 53 (4) 56 (2) 58 (3) 60 (6) 59 (8) 40 (4) 44 (5) 46 (6) 45 (46) 13 (31) 0
Vehicle #4 : 0 (12) 67 (31) 6 (6) 32 (5) 31 (9) 37 (2) 38 (5) 39 (11) 28 (8) 26 (7) 23 (21) 14 (3) 12 (54) 42 (46) 78 (8) 77 (8) 87 (24) 0
Vehicle #5 : 0 (10) 20 (11) 30 (41) 72 (8) 66 (7) 68 (5) 65 (6) 49 (12) 54 (49) 34 (23) 51 (2) 50 (23) 0
Vehicle #6 : 0 (20) 74 (6) 61 (7) 69 (29) 91 (22) 0
Vehicle #7 : 0 (16) 75 (50) 35 (10) 36 (30) 43 (4) 41 (19) 0
Vehicle #8 : 0 (17) 10 (17) 0
Vehicle #9 : 0 (18) 62 (5) 64 (18) 57 (24) 52 (5) 47 (32) 25 (7) 9 (7) 11 (9) 8 (6) 21 (36) 96 (15) 90 (21) 0
 Total length : 1700.03

Attempt #8 ||
Raw data:
0 0 93 99 92 54 53 56 58 60 59 57 40 44 46 45 51 42 48 96 0 74 61 64 66 65 89 91 84 83 85 76 73 79 81 78 77 90 0 5 2 29 33 37 38 26 23 19 16 14 12 15 50 52 25 11 8 0 27 30 68 49 36 34 28 18 17 13 47 43 9 41 0 0 20 75 1 97 3 4 88 86 82 70 80 10 0 32 69 31 35 39 0 22 24 6 100 94 95 98 7 0 67 63 62 72 55 71 21 87
Vehicle #0 : Unused
Vehicle #1 : 0 (8) 93 (26) 99 (13) 92 (79) 54 (5) 53 (4) 56 (2) 58 (3) 60 (6) 59 (5) 57 (4) 40 (4) 44 (5) 46 (6) 45 (5) 51 (8) 42 (9) 48 (26) 96 (24) 0
Vehicle #2 : 0 (20) 74 (6) 61 (2) 64 (5) 66 (10) 65 (41) 89 (6) 91 (10) 84 (4) 83 (17) 85 (12) 76 (5) 73 (5) 79 (5) 81 (9) 78 (8) 77 (16) 90 (21) 0
Vehicle #3 : 0 (15) 5 (6) 2 (32) 29 (16) 33 (6) 37 (2) 38 (23) 26 (7) 23 (14) 19 (7) 16 (2) 14 (3) 12 (7) 15 (48) 50 (3) 52 (31) 25 (13) 11 (9) 8 (12) 0
Vehicle #4 : 0 (17) 27 (4) 30 (33) 68 (12) 49 (50) 36 (3) 34 (11) 28 (23) 18 (3) 17 (4) 13 (41) 47 (3) 43 (35) 9 (39) 41 (19) 0
Vehicle #5 : Unused
Vehicle #6 : 0 (10) 20 (21) 75 (12) 1 (13) 97 (16) 3 (4) 4 (8) 88 (5) 86 (9) 82 (32) 70 (11) 80 (65) 10 (17) 0
Vehicle #7 : 0 (32) 32 (35) 69 (35) 31 (5) 35 (11) 39 (40) 0
Vehicle #8 : 0 (12) 22 (4) 24 (12) 6 (58) 100 (10) 94 (4) 95 (6) 98 (5) 7 (27) 0
Vehicle #9 : 0 (12) 67 (3) 63 (5) 62 (6) 72 (19) 55 (57) 71 (68) 21 (35) 87 (24) 0
 Total length : 1744.95

Attempt #9 ||
Raw data:
0 67 24 94 98 54 53 28 18 83 71 70 79 41 96 0 100 35 38 4 56 60 46 50 47 25 10 87 90 0 92 95 7 89 86 78 48 0 30 66 58 26 59 44 0 62 29 49 43 42 0 27 2 64 65 82 14 12 8 77 0 20 63 72 99 97 91 76 17 73 80 0 93 75 74 1 32 33 68 31 55 34 57 40 45 51 52 13 9 81 21 0 22 5 61 69 37 39 36 88 84 23 19 16 85 15 11 0 6 3
Vehicle #0 : 0 (12) 67 (24) 24 (51) 94 (10) 98 (67) 54 (5) 53 (64) 28 (23) 18 (60) 83 (30) 71 (5) 70 (8) 79 (52) 41 (28) 96 (24) 0
Vehicle #1 : 0 (38) 100 (71) 35 (7) 38 (65) 4 (64) 56 (5) 60 (20) 46 (11) 50 (5) 47 (32) 25 (13) 10 (35) 87 (10) 90 (21) 0
Vehicle #2 : 0 (44) 92 (7) 95 (11) 7 (6) 89 (13) 86 (19) 78 (42) 48 (11) 0
Vehicle #3 : 0 (21) 30 (34) 66 (31) 58 (64) 26 (60) 59 (12) 44 (31) 0
Vehicle #4 : 0 (18) 62 (34) 29 (41) 49 (21) 43 (3) 42 (19) 0
Vehicle #5 : 0 (17) 27 (28) 2 (40) 64 (6) 65 (43) 82 (61) 14 (3) 12 (27) 8 (41) 77 (32) 0
Vehicle #6 : 0 (10) 20 (22) 63 (10) 72 (50) 99 (7) 97 (25) 91 (39) 76 (82) 17 (87) 73 (9) 80 (51) 0
Vehicle #7 : 0 (8) 93 (8) 75 (31) 74 (40) 1 (55) 32 (2) 33 (35) 68 (32) 31 (38) 55 (45) 34 (42) 57 (4) 40 (13) 45 (5) 51 (5) 52 (40) 13 (8) 9 (67) 81 (59) 21 (12) 0
Vehicle #8 : 0 (12) 22 (19) 5 (36) 61 (7) 69 (43) 37 (5) 39 (5) 36 (62) 88 (5) 84 (57) 23 (14) 19 (7) 16 (77) 85 (74) 15 (19) 11 (20) 0
Vehicle #9 : 0 (25) 6 (53) 3 (29) 0
 Total length : 3215.28

Summary:
Average length: 2629.06 (+346.28%)
Minimal length: 1413.45 (+139.93%)
Fail Rate: 0 %

R=50

Called function with 20 Blocks:

Attempt #1 ||
Need to find route in greedy mode!
Raw data:
0 18 74 95 82 8 13 16 2 42 71 1 4 20 0 57 48 34 80 19 90 60 7 33 6 36 85 73 17 55 26 78 68 56 52 11 9 53 45 86 76 40 61 35 41 63 3 81 14 88 25 96 91 75 28 0 92 99 62 94 83 97 59 65 100 54 0 64 22 47 46 77 87 32 15 12 58 30 24 66 39 29 43 50 72 98 93 10 5 84 23 38 49 21 89 69 44 67 0 79 0 70 51 37 31 0 0 27 0 0
Time Window condition failed!
Route not found!

Attempt #8 ||
Raw data:
0 0 62 64 32 55 54 53 60 59 50 52 43 42 41 78 87 0 93 63 39 34 26 86 83 85 71 70 73 80 79 81 77 96 90 0 20 22 29 6 33 31 35 37 38 36 0 5 75 2 1 99 100 97 92 95 98 7 4 89 88 82 76 51 47 48 0 24 27 30 72 68 65 49 57 40 44 46 45 17 0 67 74 61 66 69 56 58 28 14 13 8 21 0 0 0 94 3 91 84 23 18 19 16 12 15 25 9 11 10
Vehicle #0 : Unused
Vehicle #1 : 0 (18) 62 (5) 64 (39) 32 (41) 55 (5) 54 (5) 53 (9) 60 (6) 59 (25) 50 (3) 52 (8) 43 (3) 42 (2) 41 (44) 78 (15) 87 (24) 0
Vehicle #2 : 0 (8) 93 (20) 63 (50) 39 (8) 34 (17) 26 (58) 86 (6) 83 (17) 85 (14) 71 (5) 70 (3) 73 (9) 80 (5) 79 (5) 81 (16) 77 (11) 96 (15) 90 (21) 0
Vehicle #3 : 0 (10) 20 (3) 22 (8) 29 (9) 6 (8) 33 (5) 31 (5) 35 (6) 37 (2) 38 (7) 36 (35) 0
Vehicle #4 : 0 (15) 5 (3) 75 (5) 2 (9) 1 (6) 99 (5) 100 (5) 97 (7) 92 (7) 95 (6) 98 (5) 7 (4) 4 (4) 89 (10) 88 (11) 82 (25) 76 (65) 51 (7) 47 (8) 48 (11) 0
Vehicle #5 : 0 (15) 24 (3) 27 (4) 30 (41) 72 (11) 68 (5) 65 (6) 49 (11) 57 (4) 40 (4) 44 (5) 46 (6) 45 (47) 17 (33) 0
Vehicle #6 : 0 (12) 67 (8) 74 (6) 61 (6) 66 (2) 69 (30) 56 (2) 58 (60) 28 (35) 14 (10) 13 (19) 8 (6) 21 (12) 0
Vehicle #7 : Unused
Vehicle #8 : Unused
Vehicle #9 : 0 (41) 94 (13) 3 (9) 91 (10) 84 (57) 23 (9) 18 (5) 19 (7) 16 (5) 12 (7) 15 (14) 25 (7) 9 (7) 11 (3) 10 (17) 0
 Total length : 1476.56

Summary:
Average length: 2003.38 (+240.07%)
Minimal length: 1476.56 (+150.65%)
Fail Rate: 10 %

R=70

Called function with 20 Blocks:

Attempt #0 ||
Need to find route in greedy mode!
Raw data:
0 44 47 79 13 35 78 32 81 43 85 8 54 77 89 96 4 55 45 67 66 37 91 49 50 2 90 25 52 1 39 57 87 31 65 41 93 95 51 80 23 84 14 62 42 0 15 3 83 98 86 64 100 88 73 24 27 18 29 0 40 0 58 0 94 7 60 82 19 61 33 75 16 70 5 46 11 9 92 71 99 69 10 6 76 30 74 21 26 0 0 20 0 22 28 17 48 63 34 59 56 53 68 0 72 12 38 97 36 0
Capacity condition failed!
Route not found!