10 rep: 156,2 s
30 rep: 489,71 s
50 rep: 830,78 s


Opening file "VRPTW_C202_50.txt"!
Given block number : 20
Given rep number : 10
Given Serial Try number : 10
Closing file!
Maximum number of vehicles: 15
Truck capacity : 700
Capacities: 0 10 30 10 10 10 20 20 20 10 10 10 20 30 10 40 40 20 20 10 10 20 20 10 10 40 10 10 20 10 10 20 30 40 20 10 10 20 30 20 10 10 20 10 10 10 30 10 10 10 10
Given Dist matrix:
0.00 27.73 20.62 29.07 25.61 15.13 25.30 26.91 11.66 23.32 16.76 19.65 38.08 30.81 39.36 36.06 40.31 33.30 35.36 39.05 10.00 11.66 12.17 30.53 15.00 24.08 34.18 17.12 36.35 20.00 20.62 33.54 31.62 33.53 32.39 38.08 35.36 39.29 41.23 40.31 32.25 18.68 19.31 16.55 31.05 22.36 25.71 18.03 10.77 31.05 22.80
27.73 0.00 8.60 11.66 12.04 14.14 48.84 7.81 23.43 24.52 19.24 18.03 28.79 30.00 31.62 32.39 33.53 34.00 37.00 37.34 33.30 29.07 33.24 39.05 36.80 31.32 45.88 37.01 52.00 40.61 37.74 58.00 54.67 56.22 53.25 61.72 55.76 61.03 62.68 60.03 59.20 46.24 47.01 44.28 58.52 50.09 53.14 45.65 38.48 55.15 50.25
20.62 8.60 0.00 17.03 15.52 5.83 40.31 13.00 14.87 17.00 10.77 10.05 25.00 23.54 27.46 26.93 29.15 27.46 30.41 31.62 25.00 20.52 24.76 31.26 28.28 23.35 37.85 28.43 43.66 32.02 29.15 49.50 46.10 47.63 44.65 53.15 47.17 52.43 54.08 51.48 52.77 39.29 39.85 37.00 51.66 42.72 46.32 38.08 31.32 50.09 42.49
29.07 11.66 17.03 0.00 3.61 20.40 53.34 4.12 29.41 34.01 27.17 27.00 40.31 40.45 43.08 43.42 44.94 44.41 47.38 48.27 37.22 34.54 38.01 48.09 41.59 40.11 54.45 42.54 59.67 46.10 44.27 62.13 59.54 61.29 59.09 66.37 61.85 66.64 68.45 66.48 57.25 45.80 47.01 44.69 57.45 50.45 52.15 46.69 38.95 50.96 51.62
25.61 12.04 15.52 3.61 0.00 18.03 50.12 4.47 26.68 32.25 25.00 25.18 39.82 39.05 42.49 42.38 44.28 42.95 45.89 47.13 34.00 31.62 34.93 46.00 38.48 38.00 52.15 39.56 57.07 43.08 41.48 58.83 56.36 58.14 56.08 63.13 58.87 63.56 65.39 63.57 53.67 42.20 43.42 41.11 53.85 46.86 48.55 43.14 35.38 47.54 48.08
15.13 14.14 5.83 20.40 18.03 0.00 34.71 16.76 9.43 14.87 7.07 8.06 26.25 22.36 28.28 26.63 29.73 26.00 28.79 30.89 19.21 15.00 19.10 28.02 22.67 20.02 34.13 23.02 39.29 26.63 24.17 43.86 40.61 42.20 39.45 47.63 42.06 47.17 48.88 46.52 47.38 33.73 34.21 31.32 46.10 37.00 40.79 32.31 25.71 45.40 36.67
25.30 48.84 40.31 53.34 50.12 34.71 0.00 50.48 25.46 30.46 30.61 33.02 43.93 33.54 43.42 38.21 43.19 33.06 33.02 38.01 16.12 19.80 15.62 24.08 12.04 24.74 21.54 12.21 17.69 8.94 13.60 9.22 6.32 8.25 8.54 13.04 11.40 14.14 16.12 16.28 31.24 21.47 19.72 18.38 27.20 18.44 24.76 15.65 20.10 38.83 14.14
26.91 7.81 13.00 4.12 4.47 16.76 50.48 0.00 26.00 30.00 23.35 23.02 36.25 36.35 39.00 39.29 40.85 40.31 43.29 44.15 34.41 31.30 34.99 44.18 38.59 36.22 50.64 39.36 56.04 42.94 40.85 59.41 56.60 58.31 55.90 63.51 58.60 63.53 65.30 63.16 56.46 44.42 45.49 43.01 56.36 48.83 51.00 44.82 37.20 50.99 49.68
11.66 23.43 14.87 29.41 26.68 9.43 25.46 26.00 0.00 11.66 6.08 9.06 26.57 19.21 27.73 24.41 28.65 21.93 24.21 27.59 10.77 5.66 10.00 20.88 13.45 13.42 26.08 13.60 30.41 17.20 14.87 34.66 31.24 32.80 30.02 38.29 32.65 37.74 39.45 37.16 42.05 28.02 28.02 25.02 40.05 30.27 35.00 25.32 20.10 42.38 29.12
23.32 24.52 17.00 34.01 32.25 14.87 30.46 30.00 11.66 0.00 8.06 7.07 15.30 7.81 16.16 12.81 17.00 11.18 13.93 16.40 20.10 14.14 18.00 14.56 20.22 7.21 21.54 18.68 28.30 21.54 17.00 39.36 34.99 36.06 32.02 41.88 33.97 39.70 41.04 37.54 52.61 38.64 38.33 35.36 50.16 40.05 45.40 35.06 31.05 53.85 38.05
16.76 19.24 10.77 27.17 25.00 7.07 30.61 23.35 6.08 8.06 0.00 3.00 21.47 15.81 23.02 20.52 24.21 19.24 21.93 24.41 16.76 11.18 15.65 21.00 18.87 13.00 27.29 18.44 32.89 21.93 18.60 39.82 36.07 37.48 34.21 43.14 36.62 42.01 43.60 40.82 48.01 34.00 34.06 31.06 46.10 36.35 41.01 31.40 26.02 47.80 35.17
19.65 18.03 10.05 27.00 25.18 8.06 33.02 23.02 9.06 7.07 3.00 0.00 18.87 14.32 20.62 18.60 21.93 18.03 20.88 22.83 19.65 13.93 18.38 21.21 21.47 13.34 27.89 20.81 34.01 24.21 20.52 42.20 38.29 39.62 36.12 45.34 38.42 43.93 45.45 42.44 51.01 37.00 37.05 34.06 49.09 39.32 44.01 34.37 29.02 50.70 38.08
38.08 28.79 25.00 40.31 39.82 26.25 43.93 36.25 26.57 15.30 21.47 18.87 0.00 10.44 3.00 7.07 5.00 12.21 14.14 11.18 35.36 29.43 33.14 21.95 35.00 19.24 28.60 33.06 36.62 35.36 30.41 52.20 47.43 48.10 43.46 53.85 44.72 50.54 51.48 47.17 67.90 53.94 53.60 50.64 65.38 55.23 60.67 50.25 46.32 68.95 53.01
30.81 30.00 23.54 40.45 39.05 22.36 33.54 36.35 19.21 7.81 15.81 14.32 10.44 0.00 10.00 5.39 10.20 4.00 7.00 8.60 26.25 20.62 23.77 12.04 25.18 9.00 19.10 23.02 26.91 25.08 20.10 41.76 37.00 37.70 33.11 43.46 34.48 40.31 41.34 37.20 58.69 44.92 44.38 41.48 55.90 45.71 51.42 40.79 37.70 60.84 43.19
39.36 31.62 27.46 43.08 42.49 28.28 43.42 39.00 27.73 16.16 23.02 20.62 3.00 10.00 0.00 5.39 2.00 10.77 12.21 8.60 35.90 30.08 33.54 20.62 35.13 19.00 26.93 33.02 34.99 35.06 30.07 51.42 46.57 47.13 42.38 52.81 43.46 49.24 50.09 45.65 68.45 54.57 54.13 51.20 65.76 55.58 61.19 50.64 47.13 70.01 53.15
36.06 32.39 26.93 43.42 42.38 26.63 38.21 39.29 24.41 12.81 20.52 18.60 7.07 5.39 5.39 0.00 5.00 5.39 7.07 5.00 31.62 26.00 29.12 15.23 30.41 14.14 21.63 28.16 29.68 30.00 25.00 46.10 41.23 41.76 37.00 47.43 38.08 43.86 44.72 40.31 64.03 50.29 49.73 46.84 61.19 50.99 56.75 46.10 43.08 66.21 48.37
40.31 33.53 29.15 44.94 44.28 29.73 43.19 40.85 28.65 17.00 24.21 21.93 5.00 10.20 2.00 5.00 0.00 10.20 11.18 7.07 36.40 30.68 33.96 19.92 35.36 19.10 25.94 33.14 34.00 35.00 30.00 50.99 46.10 46.57 41.76 52.20 42.72 48.47 49.24 44.72 68.88 55.08 54.57 51.66 66.10 55.90 61.61 50.99 47.76 70.77 53.34
33.30 34.00 27.46 44.41 42.95 26.00 33.06 40.31 21.93 11.18 19.24 18.03 12.21 4.00 10.77 5.39 10.20 0.00 3.00 5.83 27.73 22.47 25.08 9.85 25.96 9.85 16.40 23.54 24.41 25.08 20.10 40.79 35.90 36.40 31.62 42.06 32.70 38.48 39.36 34.99 59.77 46.24 45.54 42.72 56.75 46.57 52.50 41.76 39.36 62.65 43.74
35.36 37.00 30.41 47.38 45.89 28.79 33.02 43.29 24.21 13.93 21.93 20.88 14.14 7.00 12.21 7.07 11.18 3.00 0.00 5.00 29.15 24.21 26.42 9.06 26.93 11.40 14.76 24.35 22.83 25.50 20.62 40.31 35.36 35.69 30.81 41.23 31.62 37.34 38.08 33.54 60.75 47.42 46.62 43.86 57.57 47.43 53.49 42.72 40.82 64.14 44.38
39.05 37.34 31.62 48.27 47.13 30.89 38.01 44.15 27.59 16.40 24.41 22.83 11.18 8.60 8.60 5.00 7.07 5.83 5.00 0.00 33.54 28.30 30.87 14.04 31.62 15.65 19.31 29.12 27.31 30.41 25.50 45.28 40.31 40.61 35.69 46.10 36.40 42.06 42.72 38.08 65.46 52.00 51.26 48.47 62.36 52.20 58.19 47.43 45.18 68.48 49.24
10.00 33.30 25.00 37.22 34.00 19.21 16.12 34.41 10.77 20.10 16.76 19.65 35.36 26.25 35.90 31.62 36.40 27.73 29.15 33.54 0.00 6.00 2.83 22.63 5.00 17.89 25.06 7.28 26.48 10.00 11.18 25.00 22.36 24.17 22.56 29.15 25.50 29.73 31.62 30.41 32.56 18.68 18.25 15.30 30.07 20.00 25.32 15.00 11.66 34.99 18.44
11.66 29.07 20.52 34.54 31.62 15.00 19.80 31.30 5.66 14.14 11.18 13.93 29.43 20.62 30.08 26.00 30.68 22.47 24.21 28.30 6.00 0.00 4.47 18.87 7.81 12.81 22.80 8.06 26.02 11.66 10.05 29.00 25.61 27.20 24.60 32.65 27.31 32.25 34.00 31.95 38.47 24.52 24.19 21.21 36.06 26.00 31.26 21.00 17.09 40.25 24.33
12.17 33.24 24.76 38.01 34.93 19.10 15.62 34.99 10.00 18.00 15.65 18.38 33.14 23.77 33.54 29.12 33.96 25.08 26.42 30.87 2.83 4.47 0.00 19.80 3.61 15.23 22.36 5.00 24.19 8.25 8.54 24.76 21.63 23.32 21.19 28.60 24.04 28.64 30.46 28.86 34.93 21.19 20.62 17.72 32.25 22.09 27.66 17.12 14.42 37.74 20.10
30.53 39.05 31.26 48.09 46.00 28.02 24.08 44.18 20.88 14.56 21.00 21.21 21.95 12.04 20.62 15.23 19.92 9.85 9.06 14.04 22.63 18.87 19.80 0.00 19.42 8.00 7.21 16.64 14.87 17.09 12.53 31.26 26.31 26.68 21.84 32.28 22.85 28.64 29.53 25.24 52.80 39.96 38.95 36.36 49.40 39.40 45.62 34.89 34.06 57.20 36.06
15.00 36.80 28.28 41.59 38.48 22.67 12.04 38.59 13.45 20.22 18.87 21.47 35.00 25.18 35.13 30.41 35.36 25.96 26.93 31.62 5.00 7.81 3.61 19.42 0.00 16.28 20.81 2.83 21.59 5.00 7.07 21.21 18.03 19.72 17.72 25.00 20.62 25.08 26.93 25.50 33.84 20.59 19.70 17.00 30.81 20.62 26.57 15.81 14.87 37.80 18.03
24.08 31.32 23.35 40.11 38.00 20.02 24.74 36.22 13.42 7.21 13.00 13.34 19.24 9.00 19.00 14.14 19.10 9.85 11.40 15.65 17.89 12.81 15.23 8.00 16.28 0.00 14.56 14.04 21.10 16.12 11.18 33.24 28.64 29.53 25.24 35.36 27.02 32.80 34.06 30.41 50.00 36.40 35.74 32.89 47.07 36.88 42.72 32.02 29.53 52.84 34.23
34.18 45.88 37.85 54.45 52.15 34.13 21.54 50.64 26.08 21.54 27.29 27.89 28.60 19.10 26.93 21.63 25.94 16.40 14.76 19.31 25.06 22.80 22.36 7.21 20.81 14.56 0.00 18.03 8.06 16.97 13.89 27.07 22.09 22.00 17.00 27.17 17.26 22.80 23.41 18.79 52.15 40.36 39.05 36.80 48.37 38.83 45.22 34.83 35.61 58.00 34.99
17.12 37.01 28.43 42.54 39.56 23.02 12.21 39.36 13.60 18.68 18.44 20.81 33.06 23.02 33.02 28.16 33.14 23.54 24.35 29.12 7.28 8.06 5.00 16.64 2.83 14.04 18.03 0.00 19.24 3.61 4.24 21.40 17.69 19.21 16.55 24.76 19.31 24.19 25.94 24.04 36.40 23.32 22.36 19.72 33.24 23.09 29.15 18.38 17.69 40.61 20.22
36.35 52.00 43.66 59.67 57.07 39.29 17.69 56.04 30.41 28.30 32.89 34.01 36.62 26.91 34.99 29.68 34.00 24.41 22.83 27.31 26.48 26.02 24.19 14.87 21.59 21.10 8.06 19.24 0.00 16.76 16.00 20.88 16.16 15.52 10.77 20.02 10.05 15.13 15.52 10.77 48.92 38.60 37.01 35.23 44.82 36.07 42.43 32.80 35.34 56.22 31.83
20.00 40.61 32.02 46.10 43.08 26.63 8.94 42.94 17.20 21.54 21.93 24.21 35.36 25.08 35.06 30.00 35.00 25.08 25.50 30.41 10.00 11.66 8.25 17.09 5.00 16.12 16.97 3.61 16.76 0.00 5.00 18.03 14.14 15.62 13.00 21.21 15.81 20.59 22.36 20.62 35.78 23.43 22.20 19.85 32.31 22.36 28.65 18.03 18.87 41.04 18.97
20.62 37.74 29.15 44.27 41.48 24.17 13.60 40.85 14.87 17.00 18.60 20.52 30.41 20.10 30.07 25.00 30.00 20.10 20.62 25.50 11.18 10.05 8.54 12.53 7.07 11.18 13.89 4.24 16.00 5.00 0.00 22.36 18.03 19.21 15.62 25.00 18.03 23.43 25.00 22.36 40.31 27.46 26.42 23.85 37.00 26.93 33.11 22.36 21.93 44.82 23.77
33.54 58.00 49.50 62.13 58.83 43.86 9.22 59.41 34.66 39.36 39.82 42.20 52.20 41.76 51.42 46.10 50.99 40.79 40.31 45.28 25.00 29.00 24.76 31.26 21.21 33.24 27.07 21.40 20.88 18.03 22.36 0.00 5.00 5.39 10.20 5.00 11.18 9.43 11.18 14.14 31.06 25.18 23.19 23.00 26.63 20.62 26.00 20.00 26.48 40.85 16.28
31.62 54.67 46.10 59.54 56.36 40.61 6.32 56.60 31.24 34.99 36.07 38.29 47.43 37.00 46.57 41.23 46.10 35.90 35.36 40.31 22.36 25.61 21.63 26.31 18.03 28.64 22.09 17.69 16.16 14.14 18.03 5.00 0.00 2.00 5.39 7.07 7.07 8.00 10.00 11.18 34.06 26.25 24.35 23.54 29.73 22.36 28.30 20.62 26.00 42.94 17.89
33.53 56.22 47.63 61.29 58.14 42.20 8.25 58.31 32.80 36.06 37.48 39.62 48.10 37.70 47.13 41.76 46.57 36.40 35.69 40.61 24.17 27.20 23.32 26.68 19.72 29.53 22.00 19.21 15.52 15.62 19.21 5.39 2.00 0.00 5.00 5.83 5.83 6.00 8.00 9.43 35.61 28.16 26.25 25.50 31.24 24.17 30.02 22.56 28.00 44.72 19.70
32.39 53.25 44.65 59.09 56.08 39.45 8.54 55.90 30.02 32.02 34.21 36.12 43.46 33.11 42.38 37.00 41.76 31.62 30.81 35.69 22.56 24.60 21.19 21.84 17.72 25.24 17.00 16.55 10.77 13.00 15.62 10.20 5.39 5.00 0.00 10.44 3.00 7.81 9.43 8.00 38.90 29.97 28.18 26.93 34.66 26.63 32.80 24.17 28.44 47.17 22.20
38.08 61.72 53.15 66.37 63.13 47.63 13.04 63.51 38.29 41.88 43.14 45.34 53.85 43.46 52.81 47.43 52.20 42.06 41.23 46.10 29.15 32.65 28.60 32.28 25.00 35.36 27.17 24.76 20.02 21.21 25.00 5.00 7.07 5.83 10.44 0.00 10.00 5.83 7.07 11.18 35.36 30.15 28.16 28.00 30.89 25.50 30.68 25.00 31.40 45.54 21.21
35.36 55.76 47.17 61.85 58.87 42.06 11.40 58.60 32.65 33.97 36.62 38.42 44.72 34.48 43.46 38.08 42.72 32.70 31.62 36.40 25.50 27.31 24.04 22.85 20.62 27.02 17.26 19.31 10.05 15.81 18.03 11.18 7.07 5.83 3.00 10.00 0.00 5.83 7.07 5.00 41.11 32.70 30.87 29.73 36.80 29.15 35.23 26.93 31.40 49.74 24.70
39.29 61.03 52.43 66.64 63.56 47.17 14.14 63.53 37.74 39.70 42.01 43.93 50.54 40.31 49.24 43.86 48.47 38.48 37.34 42.06 29.73 32.25 28.64 28.64 25.08 32.80 22.80 24.19 15.13 20.59 23.43 9.43 8.00 6.00 7.81 5.83 5.83 0.00 2.00 5.39 40.50 33.96 32.02 31.40 36.06 29.73 35.34 28.44 34.00 50.16 25.30
41.23 62.68 54.08 68.45 65.39 48.88 16.12 65.30 39.45 41.04 43.60 45.45 51.48 41.34 50.09 44.72 49.24 39.36 38.08 42.72 31.62 34.00 30.46 29.53 26.93 34.06 23.41 25.94 15.52 22.36 25.00 11.18 10.00 8.00 9.43 7.07 7.07 2.00 0.00 5.00 42.19 35.90 33.96 33.38 37.74 31.62 37.16 30.41 36.00 52.00 27.20
40.31 60.03 51.48 66.48 63.57 46.52 16.28 63.16 37.16 37.54 40.82 42.44 47.17 37.20 45.65 40.31 44.72 34.99 33.54 38.08 30.41 31.95 28.86 25.24 25.50 30.41 18.79 24.04 10.77 20.62 22.36 14.14 11.18 9.43 8.00 11.18 5.00 5.39 5.00 0.00 45.00 37.34 35.47 34.48 40.61 33.54 39.45 31.62 36.35 54.12 29.07
32.25 59.20 52.77 57.25 53.67 47.38 31.24 56.46 42.05 52.61 48.01 51.01 67.90 58.69 68.45 64.03 68.88 59.77 60.75 65.46 32.56 38.47 34.93 52.80 33.84 50.00 52.15 36.40 48.92 35.78 40.31 31.06 34.06 35.61 38.90 35.36 41.11 40.50 42.19 45.00 0.00 14.04 14.32 17.26 4.47 13.42 7.28 18.03 22.00 12.17 17.20
18.68 46.24 39.29 45.80 42.20 33.73 21.47 44.42 28.02 38.64 34.00 37.00 53.94 44.92 54.57 50.29 55.08 46.24 47.42 52.00 18.68 24.52 21.19 39.96 20.59 36.40 40.36 23.32 38.60 23.43 27.46 25.18 26.25 28.16 29.97 30.15 32.70 33.96 35.90 37.34 14.04 0.00 2.00 3.61 12.37 5.39 7.07 5.83 8.06 17.69 9.00
19.31 47.01 39.85 47.01 43.42 34.21 19.72 45.49 28.02 38.33 34.06 37.05 53.60 44.38 54.13 49.73 54.57 45.54 46.62 51.26 18.25 24.19 20.62 38.95 19.70 35.74 39.05 22.36 37.01 22.20 26.42 23.19 24.35 26.25 28.18 28.16 30.87 32.02 33.96 35.47 14.32 2.00 0.00 3.00 12.04 3.61 7.07 4.24 8.54 19.21 7.00
16.55 44.28 37.00 44.69 41.11 31.32 18.38 43.01 25.02 35.36 31.06 34.06 50.64 41.48 51.20 46.84 51.66 42.72 43.86 48.47 15.30 21.21 17.72 36.36 17.00 32.89 36.80 19.72 35.23 19.85 23.85 23.00 23.54 25.50 26.93 28.00 29.73 31.40 33.38 34.48 17.26 3.61 3.00 0.00 15.03 5.83 10.05 3.00 5.83 21.21 7.62
31.05 58.52 51.66 57.45 53.85 46.10 27.20 56.36 40.05 50.16 46.10 49.09 65.38 55.90 65.76 61.19 66.10 56.75 57.57 62.36 30.07 36.06 32.25 49.40 30.81 47.07 48.37 33.24 44.82 32.31 37.00 26.63 29.73 31.24 34.66 30.89 36.80 36.06 37.74 40.61 4.47 12.37 12.04 15.03 0.00 10.20 5.39 15.13 20.40 16.00 13.42
22.36 50.09 42.72 50.45 46.86 37.00 18.44 48.83 30.27 40.05 36.35 39.32 55.23 45.71 55.58 50.99 55.90 46.57 47.43 52.20 20.00 26.00 22.09 39.40 20.62 36.88 38.83 23.09 36.07 22.36 26.93 20.62 22.36 24.17 26.63 25.50 29.15 29.73 31.62 33.54 13.42 5.39 3.61 5.83 10.20 0.00 6.40 5.00 11.66 20.59 4.47
25.71 53.14 46.32 52.15 48.55 40.79 24.76 51.00 35.00 45.40 41.01 44.01 60.67 51.42 61.19 56.75 61.61 52.50 53.49 58.19 25.32 31.26 27.66 45.62 26.57 42.72 45.22 29.15 42.43 28.65 33.11 26.00 28.30 30.02 32.80 30.68 35.23 35.34 37.16 39.45 7.28 7.07 7.07 10.05 5.39 6.40 0.00 10.77 15.13 14.87 10.63
18.03 45.65 38.08 46.69 43.14 32.31 15.65 44.82 25.32 35.06 31.40 34.37 50.25 40.79 50.64 46.10 50.99 41.76 42.72 47.43 15.00 21.00 17.12 34.89 15.81 32.02 34.83 18.38 32.80 18.03 22.36 20.00 20.62 22.56 24.17 25.00 26.93 28.44 30.41 31.62 18.03 5.83 4.24 3.00 15.13 5.00 10.77 0.00 7.81 23.43 5.00
10.77 38.48 31.32 38.95 35.38 25.71 20.10 37.20 20.10 31.05 26.02 29.02 46.32 37.70 47.13 43.08 47.76 39.36 40.82 45.18 11.66 17.09 14.42 34.06 14.87 29.53 35.61 17.69 35.34 18.87 21.93 26.48 26.00 28.00 28.44 31.40 31.40 34.00 36.00 36.35 22.00 8.06 8.54 5.83 20.40 11.66 15.13 7.81 0.00 23.32 12.81
31.05 55.15 50.09 50.96 47.54 45.40 38.83 50.99 42.38 53.85 47.80 50.70 68.95 60.84 70.01 66.21 70.77 62.65 64.14 68.48 34.99 40.25 37.74 57.20 37.80 52.84 58.00 40.61 56.22 41.04 44.82 40.85 42.94 44.72 47.17 45.54 49.74 50.16 52.00 54.12 12.17 17.69 19.21 21.21 16.00 20.59 14.87 23.43 23.32 0.00 25.06
22.80 50.25 42.49 51.62 48.08 36.67 14.14 49.68 29.12 38.05 35.17 38.08 53.01 43.19 53.15 48.37 53.34 43.74 44.38 49.24 18.44 24.33 20.10 36.06 18.03 34.23 34.99 20.22 31.83 18.97 23.77 16.28 17.89 19.70 22.20 21.21 24.70 25.30 27.20 29.07 17.20 9.00 7.00 7.62 13.42 4.47 10.63 5.00 12.81 25.06 0.00

0 3390 0
0 3272 90
0 3279 90
0 3270 90
1261 1421 90
0 3284 90
497 657 90
0 3273 90
2887 3047 90
2601 2761 90
2791 2951 90
2698 2858 90
0 3261 90
2405 2565 90
2026 2186 90
2216 2376 90
1934 2094 90
2311 2471 90
1742 1902 90
1837 1997 90
10 170 90
0 3288 90
22 182 90
1643 1803 90
116 276 90
2504 2664 90
0 3265 90
209 369 90
1447 1607 90
398 558 90
303 463 90
0 3266 90
593 753 90
685 845 90
0 3267 90
876 1036 90
1253 1413 90
0 3260 90
1063 1223 90
1158 1318 90
1819 1979 90
2758 2918 90
2666 2826 90
2573 2733 90
1913 2073 90
2105 2265 90
2009 2169 90
2480 2640 90
0 3289 90
967 1127 90
0 3277 90
Capacitated Vehicle Route with Time Window Problem with Ant Colony Algorithm


R=10

Called function with 20 Blocks:

Attempt #0 ||
Raw data:
0 0 12 2 3 1 0 37 34 17 0 27 30 33 49 44 46 45 47 41 0 20 24 29 6 32 36 40 43 42 0 0 0 0 22 0 0 0 0 26 25 8 0 0 48 50 21 7 5 31 35 38 39 4 28 23 18 19 16 14 15 13 9 11 10
Vehicle #0 : Unused
Vehicle #1 : 0 (38) 12 (25) 2 (17) 3 (12) 1 (28) 0
Vehicle #2 : 0 (39) 37 (8) 34 (32) 17 (33) 0
Vehicle #3 : 0 (17) 27 (4) 30 (19) 33 (45) 49 (16) 44 (5) 46 (6) 45 (5) 47 (6) 41 (19) 0
Vehicle #4 : 0 (10) 20 (5) 24 (5) 29 (9) 6 (6) 32 (7) 36 (41) 40 (17) 43 (3) 42 (19) 0
Vehicle #5 : Unused
Vehicle #6 : Unused
Vehicle #7 : Unused
Vehicle #8 : 0 (12) 22 (12) 0
Vehicle #9 : Unused
Vehicle #10 : Unused
Vehicle #11 : Unused
Vehicle #12 : 0 (34) 26 (15) 25 (13) 8 (12) 0
Vehicle #13 : Unused
Vehicle #14 : 0 (11) 48 (13) 50 (24) 21 (31) 7 (17) 5 (44) 31 (5) 35 (7) 38 (5) 39 (64) 4 (57) 28 (15) 23 (9) 18 (5) 19 (7) 16 (2) 14 (5) 15 (5) 13 (8) 9 (7) 11 (3) 10 (17) 0
 Total length : 956.25

Attempt #1 ||
Raw data:
0 0 0 50 22 27 16 15 0 1 7 3 36 23 18 19 14 17 13 8 0 0 31 37 25 9 0 20 24 28 11 0 0 5 2 12 26 34 6 32 33 38 39 4 0 0 0 0 0 0 48 21 30 29 35 49 40 44 46 45 47 43 42 41 10
Vehicle #0 : Unused
Vehicle #1 : Unused
Vehicle #2 : 0 (23) 50 (20) 22 (5) 27 (33) 16 (5) 15 (36) 0
Vehicle #3 : 0 (28) 1 (8) 7 (4) 3 (62) 36 (23) 23 (9) 18 (5) 19 (9) 14 (11) 17 (4) 13 (19) 8 (12) 0
Vehicle #4 : Unused
Vehicle #5 : 0 (34) 31 (9) 37 (33) 25 (7) 9 (23) 0
Vehicle #6 : 0 (10) 20 (5) 24 (22) 28 (34) 11 (20) 0
Vehicle #7 : Unused
Vehicle #8 : 0 (15) 5 (6) 2 (25) 12 (29) 26 (17) 34 (9) 6 (6) 32 (2) 33 (8) 38 (5) 39 (64) 4 (26) 0
Vehicle #9 : Unused
Vehicle #10 : Unused
Vehicle #11 : Unused
Vehicle #12 : Unused
Vehicle #13 : Unused
Vehicle #14 : 0 (11) 48 (17) 21 (10) 30 (5) 29 (21) 35 (46) 49 (12) 40 (4) 44 (5) 46 (6) 45 (5) 47 (3) 43 (3) 42 (2) 41 (34) 10 (17) 0
 Total length : 923.78

Attempt #2 ||
Raw data:
0 0 44 46 42 0 22 6 35 49 40 43 41 0 31 27 0 50 47 11 8 0 26 21 38 39 0 7 3 4 45 0 0 20 24 32 33 0 2 1 5 48 37 34 0 0 0 0 0 12 30 29 36 28 23 18 19 16 14 15 17 13 25 9 10
Vehicle #0 : Unused
Vehicle #1 : 0 (31) 44 (5) 46 (7) 42 (19) 0
Vehicle #2 : 0 (12) 22 (16) 6 (13) 35 (46) 49 (12) 40 (17) 43 (4) 41 (19) 0
Vehicle #3 : 0 (34) 31 (21) 27 (17) 0
Vehicle #4 : 0 (23) 50 (5) 47 (34) 11 (9) 8 (12) 0
Vehicle #5 : 0 (34) 26 (23) 21 (34) 38 (5) 39 (40) 0
Vehicle #6 : 0 (27) 7 (4) 3 (4) 4 (47) 45 (22) 0
Vehicle #7 : Unused
Vehicle #8 : 0 (10) 20 (5) 24 (18) 32 (2) 33 (34) 0
Vehicle #9 : 0 (21) 2 (9) 1 (14) 5 (26) 48 (34) 37 (8) 34 (32) 0
Vehicle #10 : Unused
Vehicle #11 : Unused
Vehicle #12 : Unused
Vehicle #13 : Unused
Vehicle #14 : 0 (38) 12 (30) 30 (5) 29 (16) 36 (10) 28 (15) 23 (9) 18 (5) 19 (7) 16 (2) 14 (5) 15 (5) 17 (4) 13 (9) 25 (7) 9 (8) 10 (17) 0
 Total length : 1000.97

Attempt #3 ||
Raw data:
0 0 22 0 27 29 36 28 23 18 19 16 15 13 25 0 50 21 30 6 32 33 38 39 4 14 17 42 0 0 7 2 12 9 11 10 0 24 0 0 0 0 20 0 0 0 3 0 34 31 37 26 5 1 48 35 49 40 44 46 45 47 43 41 8
Vehicle #0 : Unused
Vehicle #1 : 0 (12) 22 (12) 0
Vehicle #2 : 0 (17) 27 (4) 29 (16) 36 (10) 28 (15) 23 (9) 18 (5) 19 (7) 16 (5) 15 (5) 13 (9) 25 (24) 0
Vehicle #3 : 0 (23) 50 (24) 21 (10) 30 (14) 6 (6) 32 (2) 33 (8) 38 (5) 39 (64) 4 (42) 14 (11) 17 (46) 42 (19) 0
Vehicle #4 : Unused
Vehicle #5 : 0 (27) 7 (13) 2 (25) 12 (15) 9 (7) 11 (3) 10 (17) 0
Vehicle #6 : 0 (15) 24 (15) 0
Vehicle #7 : Unused
Vehicle #8 : Unused
Vehicle #9 : Unused
Vehicle #10 : 0 (10) 20 (10) 0
Vehicle #11 : Unused
Vehicle #12 : Unused
Vehicle #13 : 0 (29) 3 (29) 0
Vehicle #14 : 0 (32) 34 (10) 31 (9) 37 (23) 26 (34) 5 (14) 1 (38) 48 (31) 35 (46) 49 (12) 40 (4) 44 (5) 46 (6) 45 (5) 47 (3) 43 (4) 41 (28) 8 (12) 0
 Total length : 957.58

Attempt #4 ||
Raw data:
0 0 3 7 0 48 26 34 31 21 4 42 41 0 5 10 0 0 15 17 13 25 43 0 37 50 27 33 38 39 36 28 23 18 19 16 14 11 0 22 24 0 20 0 0 0 0 0 0 1 2 12 30 29 6 32 35 49 40 44 46 45 47 9 8
Vehicle #0 : Unused
Vehicle #1 : 0 (29) 3 (4) 7 (27) 0
Vehicle #2 : 0 (11) 48 (36) 26 (17) 34 (10) 31 (29) 21 (32) 4 (43) 42 (2) 41 (19) 0
Vehicle #3 : 0 (15) 5 (7) 10 (17) 0
Vehicle #4 : Unused
Vehicle #5 : 0 (36) 15 (5) 17 (4) 13 (9) 25 (33) 43 (17) 0
Vehicle #6 : 0 (39) 37 (25) 50 (20) 27 (19) 33 (8) 38 (5) 39 (5) 36 (10) 28 (15) 23 (9) 18 (5) 19 (7) 16 (2) 14 (21) 11 (20) 0
Vehicle #7 : 0 (12) 22 (4) 24 (15) 0
Vehicle #8 : 0 (10) 20 (10) 0
Vehicle #9 : Unused
Vehicle #10 : Unused
Vehicle #11 : Unused
Vehicle #12 : Unused
Vehicle #13 : Unused
Vehicle #14 : 0 (28) 1 (9) 2 (25) 12 (30) 30 (5) 29 (9) 6 (6) 32 (7) 35 (46) 49 (12) 40 (4) 44 (5) 46 (6) 45 (5) 47 (35) 9 (12) 8 (12) 0
 Total length : 918.79

Attempt #5 ||
Raw data:
0 0 48 5 49 44 45 42 8 0 0 22 27 30 6 0 34 33 0 0 21 3 7 4 0 20 24 40 47 41 0 50 37 31 32 35 46 13 43 0 2 0 0 0 0 0 12 26 1 29 38 39 36 28 23 18 19 16 14 15 17 25 9 11 10
Vehicle #0 : Unused
Vehicle #1 : 0 (11) 48 (26) 5 (45) 49 (16) 44 (10) 45 (4) 42 (28) 8 (12) 0
Vehicle #2 : Unused
Vehicle #3 : 0 (12) 22 (5) 27 (4) 30 (14) 6 (25) 0
Vehicle #4 : 0 (32) 34 (5) 33 (34) 0
Vehicle #5 : Unused
Vehicle #6 : 0 (12) 21 (35) 3 (4) 7 (4) 4 (26) 0
Vehicle #7 : 0 (10) 20 (5) 24 (34) 40 (18) 47 (6) 41 (19) 0
Vehicle #8 : 0 (23) 50 (25) 37 (9) 31 (5) 32 (7) 35 (31) 46 (51) 13 (41) 43 (17) 0
Vehicle #9 : 0 (21) 2 (21) 0
Vehicle #10 : Unused
Vehicle #11 : Unused
Vehicle #12 : Unused
Vehicle #13 : Unused
Vehicle #14 : 0 (38) 12 (29) 26 (46) 1 (41) 29 (22) 38 (5) 39 (5) 36 (10) 28 (15) 23 (9) 18 (5) 19 (7) 16 (2) 14 (5) 15 (5) 17 (10) 25 (7) 9 (7) 11 (3) 10 (17) 0
 Total length : 993.58

Attempt #6 ||
Raw data:
0 0 21 0 7 3 1 2 30 33 35 44 46 43 42 0 22 24 6 4 23 18 17 11 10 8 0 34 50 49 40 47 41 0 0 12 26 0 0 20 27 29 15 9 0 0 0 0 0 0 48 5 37 31 32 38 39 36 28 19 16 14 45 13 25
Vehicle #0 : Unused
Vehicle #1 : 0 (12) 21 (12) 0
Vehicle #2 : 0 (27) 7 (4) 3 (12) 1 (9) 2 (29) 30 (19) 33 (6) 35 (31) 44 (5) 46 (10) 43 (3) 42 (19) 0
Vehicle #3 : 0 (12) 22 (4) 24 (12) 6 (50) 4 (46) 23 (9) 18 (3) 17 (18) 11 (3) 10 (6) 8 (12) 0
Vehicle #4 : 0 (32) 34 (22) 50 (25) 49 (12) 40 (18) 47 (6) 41 (19) 0
Vehicle #5 : Unused
Vehicle #6 : 0 (38) 12 (29) 26 (34) 0
Vehicle #7 : Unused
Vehicle #8 : 0 (10) 20 (7) 27 (4) 29 (30) 15 (13) 9 (23) 0
Vehicle #9 : Unused
Vehicle #10 : Unused
Vehicle #11 : Unused
Vehicle #12 : Unused
Vehicle #13 : Unused
Vehicle #14 : 0 (11) 48 (26) 5 (47) 37 (9) 31 (5) 32 (10) 38 (5) 39 (5) 36 (10) 28 (27) 19 (7) 16 (2) 14 (56) 45 (46) 13 (9) 25 (24) 0
 Total length : 993.32

Attempt #7 ||
Raw data:
0 0 50 31 48 0 0 20 32 49 38 39 40 44 46 45 0 26 34 37 30 6 35 0 12 7 2 1 3 5 4 9 41 8 0 21 22 23 47 43 42 0 0 0 0 0 0 0 0 24 27 29 33 36 28 18 19 16 14 15 17 13 25 11 10
Vehicle #0 : Unused
Vehicle #1 : 0 (23) 50 (16) 31 (26) 48 (11) 0
Vehicle #2 : Unused
Vehicle #3 : 0 (10) 20 (22) 32 (43) 49 (52) 38 (5) 39 (45) 40 (4) 44 (5) 46 (6) 45 (22) 0
Vehicle #4 : 0 (34) 26 (17) 34 (8) 37 (23) 30 (14) 6 (13) 35 (38) 0
Vehicle #5 : 0 (38) 12 (36) 7 (13) 2 (9) 1 (12) 3 (20) 5 (18) 4 (32) 9 (39) 41 (28) 8 (12) 0
Vehicle #6 : 0 (12) 21 (4) 22 (20) 23 (35) 47 (3) 43 (3) 42 (19) 0
Vehicle #7 : Unused
Vehicle #8 : Unused
Vehicle #9 : Unused
Vehicle #10 : Unused
Vehicle #11 : Unused
Vehicle #12 : Unused
Vehicle #13 : Unused
Vehicle #14 : 0 (15) 24 (3) 27 (4) 29 (16) 33 (6) 36 (10) 28 (23) 18 (5) 19 (7) 16 (2) 14 (5) 15 (5) 17 (4) 13 (9) 25 (13) 11 (3) 10 (17) 0
 Total length : 938.81

Attempt #8 ||
Raw data:
0 0 35 46 45 47 0 48 34 32 36 23 18 14 42 0 26 31 37 27 0 1 7 3 0 22 24 30 6 49 4 0 20 43 0 12 33 0 0 0 0 0 0 50 40 44 41 0 2 5 21 29 38 39 28 19 16 15 17 13 25 9 11 10 8
Vehicle #0 : Unused
Vehicle #1 : 0 (38) 35 (31) 46 (6) 45 (5) 47 (18) 0
Vehicle #2 : 0 (11) 48 (28) 34 (5) 32 (7) 36 (23) 23 (9) 18 (12) 14 (54) 42 (19) 0
Vehicle #3 : 0 (34) 26 (27) 31 (9) 37 (24) 27 (17) 0
Vehicle #4 : 0 (28) 1 (8) 7 (4) 3 (29) 0
Vehicle #5 : 0 (12) 22 (4) 24 (7) 30 (14) 6 (39) 49 (48) 4 (26) 0
Vehicle #6 : 0 (10) 20 (15) 43 (17) 0
Vehicle #7 : 0 (38) 12 (48) 33 (34) 0
Vehicle #8 : Unused
Vehicle #9 : Unused
Vehicle #10 : Unused
Vehicle #11 : Unused
Vehicle #12 : Unused
Vehicle #13 : 0 (23) 50 (17) 40 (4) 44 (12) 41 (19) 0
Vehicle #14 : 0 (21) 2 (6) 5 (15) 21 (12) 29 (22) 38 (5) 39 (11) 28 (27) 19 (7) 16 (5) 15 (5) 17 (4) 13 (9) 25 (7) 9 (7) 11 (3) 10 (6) 8 (12) 0
 Total length : 1017.68

Attempt #9 ||
Raw data:
0 0 7 22 24 38 39 36 4 9 0 20 0 0 0 37 34 0 49 40 44 46 45 47 42 11 0 0 50 27 0 1 3 2 5 12 26 0 0 0 0 0 31 21 48 30 29 6 32 33 35 28 23 18 19 16 14 15 17 13 25 43 41 10 8
Vehicle #0 : Unused
Vehicle #1 : 0 (27) 7 (35) 22 (4) 24 (27) 38 (5) 39 (5) 36 (59) 4 (32) 9 (23) 0
Vehicle #2 : 0 (10) 20 (10) 0
Vehicle #3 : Unused
Vehicle #4 : Unused
Vehicle #5 : 0 (39) 37 (8) 34 (32) 0
Vehicle #6 : 0 (31) 49 (12) 40 (4) 44 (5) 46 (6) 45 (5) 47 (4) 42 (37) 11 (20) 0
Vehicle #7 : Unused
Vehicle #8 : 0 (23) 50 (20) 27 (17) 0
Vehicle #9 : 0 (28) 1 (12) 3 (17) 2 (6) 5 (26) 12 (29) 26 (34) 0
Vehicle #10 : Unused
Vehicle #11 : Unused
Vehicle #12 : Unused
Vehicle #13 : Unused
Vehicle #14 : 0 (34) 31 (29) 21 (17) 48 (22) 30 (5) 29 (9) 6 (6) 32 (2) 33 (6) 35 (20) 28 (15) 23 (9) 18 (5) 19 (7) 16 (2) 14 (5) 15 (5) 17 (4) 13 (9) 25 (33) 43 (4) 41 (34) 10 (6) 8 (12) 0
 Total length : 952.90

Summary:
Average length: 965.37 (+168.01%)
Minimal length: 918.79 (+155.08%)
Fail Rate: 0 %
C:\Iskola dolgok\Projektek\CUDA\Project Solutions\VRP\x64\Release\VRPTW.exe (process 14920) exited with code 0.
To automatically close the console when debugging stops, enable Tools->Options->Debugging->Automatically close the console when debugging stops.
Press any key to close this window . . .


Opening file "VRPTW_C202_50.txt"!
Given block number : 20
Given rep number : 10
Given Serial Try number : 10
Closing file!
Maximum number of vehicles: 15
Truck capacity : 700
Capacities: 0 10 30 10 10 10 20 20 20 10 10 10 20 30 10 40 40 20 20 10 10 20 20 10 10 40 10 10 20 10 10 20 30 40 20 10 10 20 30 20 10 10 20 10 10 10 30 10 10 10 10
Given Dist matrix:
0.00 27.73 20.62 29.07 25.61 15.13 25.30 26.91 11.66 23.32 16.76 19.65 38.08 30.81 39.36 36.06 40.31 33.30 35.36 39.05 10.00 11.66 12.17 30.53 15.00 24.08 34.18 17.12 36.35 20.00 20.62 33.54 31.62 33.53 32.39 38.08 35.36 39.29 41.23 40.31 32.25 18.68 19.31 16.55 31.05 22.36 25.71 18.03 10.77 31.05 22.80
27.73 0.00 8.60 11.66 12.04 14.14 48.84 7.81 23.43 24.52 19.24 18.03 28.79 30.00 31.62 32.39 33.53 34.00 37.00 37.34 33.30 29.07 33.24 39.05 36.80 31.32 45.88 37.01 52.00 40.61 37.74 58.00 54.67 56.22 53.25 61.72 55.76 61.03 62.68 60.03 59.20 46.24 47.01 44.28 58.52 50.09 53.14 45.65 38.48 55.15 50.25
20.62 8.60 0.00 17.03 15.52 5.83 40.31 13.00 14.87 17.00 10.77 10.05 25.00 23.54 27.46 26.93 29.15 27.46 30.41 31.62 25.00 20.52 24.76 31.26 28.28 23.35 37.85 28.43 43.66 32.02 29.15 49.50 46.10 47.63 44.65 53.15 47.17 52.43 54.08 51.48 52.77 39.29 39.85 37.00 51.66 42.72 46.32 38.08 31.32 50.09 42.49
29.07 11.66 17.03 0.00 3.61 20.40 53.34 4.12 29.41 34.01 27.17 27.00 40.31 40.45 43.08 43.42 44.94 44.41 47.38 48.27 37.22 34.54 38.01 48.09 41.59 40.11 54.45 42.54 59.67 46.10 44.27 62.13 59.54 61.29 59.09 66.37 61.85 66.64 68.45 66.48 57.25 45.80 47.01 44.69 57.45 50.45 52.15 46.69 38.95 50.96 51.62
25.61 12.04 15.52 3.61 0.00 18.03 50.12 4.47 26.68 32.25 25.00 25.18 39.82 39.05 42.49 42.38 44.28 42.95 45.89 47.13 34.00 31.62 34.93 46.00 38.48 38.00 52.15 39.56 57.07 43.08 41.48 58.83 56.36 58.14 56.08 63.13 58.87 63.56 65.39 63.57 53.67 42.20 43.42 41.11 53.85 46.86 48.55 43.14 35.38 47.54 48.08
15.13 14.14 5.83 20.40 18.03 0.00 34.71 16.76 9.43 14.87 7.07 8.06 26.25 22.36 28.28 26.63 29.73 26.00 28.79 30.89 19.21 15.00 19.10 28.02 22.67 20.02 34.13 23.02 39.29 26.63 24.17 43.86 40.61 42.20 39.45 47.63 42.06 47.17 48.88 46.52 47.38 33.73 34.21 31.32 46.10 37.00 40.79 32.31 25.71 45.40 36.67
25.30 48.84 40.31 53.34 50.12 34.71 0.00 50.48 25.46 30.46 30.61 33.02 43.93 33.54 43.42 38.21 43.19 33.06 33.02 38.01 16.12 19.80 15.62 24.08 12.04 24.74 21.54 12.21 17.69 8.94 13.60 9.22 6.32 8.25 8.54 13.04 11.40 14.14 16.12 16.28 31.24 21.47 19.72 18.38 27.20 18.44 24.76 15.65 20.10 38.83 14.14
26.91 7.81 13.00 4.12 4.47 16.76 50.48 0.00 26.00 30.00 23.35 23.02 36.25 36.35 39.00 39.29 40.85 40.31 43.29 44.15 34.41 31.30 34.99 44.18 38.59 36.22 50.64 39.36 56.04 42.94 40.85 59.41 56.60 58.31 55.90 63.51 58.60 63.53 65.30 63.16 56.46 44.42 45.49 43.01 56.36 48.83 51.00 44.82 37.20 50.99 49.68
11.66 23.43 14.87 29.41 26.68 9.43 25.46 26.00 0.00 11.66 6.08 9.06 26.57 19.21 27.73 24.41 28.65 21.93 24.21 27.59 10.77 5.66 10.00 20.88 13.45 13.42 26.08 13.60 30.41 17.20 14.87 34.66 31.24 32.80 30.02 38.29 32.65 37.74 39.45 37.16 42.05 28.02 28.02 25.02 40.05 30.27 35.00 25.32 20.10 42.38 29.12
23.32 24.52 17.00 34.01 32.25 14.87 30.46 30.00 11.66 0.00 8.06 7.07 15.30 7.81 16.16 12.81 17.00 11.18 13.93 16.40 20.10 14.14 18.00 14.56 20.22 7.21 21.54 18.68 28.30 21.54 17.00 39.36 34.99 36.06 32.02 41.88 33.97 39.70 41.04 37.54 52.61 38.64 38.33 35.36 50.16 40.05 45.40 35.06 31.05 53.85 38.05
16.76 19.24 10.77 27.17 25.00 7.07 30.61 23.35 6.08 8.06 0.00 3.00 21.47 15.81 23.02 20.52 24.21 19.24 21.93 24.41 16.76 11.18 15.65 21.00 18.87 13.00 27.29 18.44 32.89 21.93 18.60 39.82 36.07 37.48 34.21 43.14 36.62 42.01 43.60 40.82 48.01 34.00 34.06 31.06 46.10 36.35 41.01 31.40 26.02 47.80 35.17
19.65 18.03 10.05 27.00 25.18 8.06 33.02 23.02 9.06 7.07 3.00 0.00 18.87 14.32 20.62 18.60 21.93 18.03 20.88 22.83 19.65 13.93 18.38 21.21 21.47 13.34 27.89 20.81 34.01 24.21 20.52 42.20 38.29 39.62 36.12 45.34 38.42 43.93 45.45 42.44 51.01 37.00 37.05 34.06 49.09 39.32 44.01 34.37 29.02 50.70 38.08
38.08 28.79 25.00 40.31 39.82 26.25 43.93 36.25 26.57 15.30 21.47 18.87 0.00 10.44 3.00 7.07 5.00 12.21 14.14 11.18 35.36 29.43 33.14 21.95 35.00 19.24 28.60 33.06 36.62 35.36 30.41 52.20 47.43 48.10 43.46 53.85 44.72 50.54 51.48 47.17 67.90 53.94 53.60 50.64 65.38 55.23 60.67 50.25 46.32 68.95 53.01
30.81 30.00 23.54 40.45 39.05 22.36 33.54 36.35 19.21 7.81 15.81 14.32 10.44 0.00 10.00 5.39 10.20 4.00 7.00 8.60 26.25 20.62 23.77 12.04 25.18 9.00 19.10 23.02 26.91 25.08 20.10 41.76 37.00 37.70 33.11 43.46 34.48 40.31 41.34 37.20 58.69 44.92 44.38 41.48 55.90 45.71 51.42 40.79 37.70 60.84 43.19
39.36 31.62 27.46 43.08 42.49 28.28 43.42 39.00 27.73 16.16 23.02 20.62 3.00 10.00 0.00 5.39 2.00 10.77 12.21 8.60 35.90 30.08 33.54 20.62 35.13 19.00 26.93 33.02 34.99 35.06 30.07 51.42 46.57 47.13 42.38 52.81 43.46 49.24 50.09 45.65 68.45 54.57 54.13 51.20 65.76 55.58 61.19 50.64 47.13 70.01 53.15
36.06 32.39 26.93 43.42 42.38 26.63 38.21 39.29 24.41 12.81 20.52 18.60 7.07 5.39 5.39 0.00 5.00 5.39 7.07 5.00 31.62 26.00 29.12 15.23 30.41 14.14 21.63 28.16 29.68 30.00 25.00 46.10 41.23 41.76 37.00 47.43 38.08 43.86 44.72 40.31 64.03 50.29 49.73 46.84 61.19 50.99 56.75 46.10 43.08 66.21 48.37
40.31 33.53 29.15 44.94 44.28 29.73 43.19 40.85 28.65 17.00 24.21 21.93 5.00 10.20 2.00 5.00 0.00 10.20 11.18 7.07 36.40 30.68 33.96 19.92 35.36 19.10 25.94 33.14 34.00 35.00 30.00 50.99 46.10 46.57 41.76 52.20 42.72 48.47 49.24 44.72 68.88 55.08 54.57 51.66 66.10 55.90 61.61 50.99 47.76 70.77 53.34
33.30 34.00 27.46 44.41 42.95 26.00 33.06 40.31 21.93 11.18 19.24 18.03 12.21 4.00 10.77 5.39 10.20 0.00 3.00 5.83 27.73 22.47 25.08 9.85 25.96 9.85 16.40 23.54 24.41 25.08 20.10 40.79 35.90 36.40 31.62 42.06 32.70 38.48 39.36 34.99 59.77 46.24 45.54 42.72 56.75 46.57 52.50 41.76 39.36 62.65 43.74
35.36 37.00 30.41 47.38 45.89 28.79 33.02 43.29 24.21 13.93 21.93 20.88 14.14 7.00 12.21 7.07 11.18 3.00 0.00 5.00 29.15 24.21 26.42 9.06 26.93 11.40 14.76 24.35 22.83 25.50 20.62 40.31 35.36 35.69 30.81 41.23 31.62 37.34 38.08 33.54 60.75 47.42 46.62 43.86 57.57 47.43 53.49 42.72 40.82 64.14 44.38
39.05 37.34 31.62 48.27 47.13 30.89 38.01 44.15 27.59 16.40 24.41 22.83 11.18 8.60 8.60 5.00 7.07 5.83 5.00 0.00 33.54 28.30 30.87 14.04 31.62 15.65 19.31 29.12 27.31 30.41 25.50 45.28 40.31 40.61 35.69 46.10 36.40 42.06 42.72 38.08 65.46 52.00 51.26 48.47 62.36 52.20 58.19 47.43 45.18 68.48 49.24
10.00 33.30 25.00 37.22 34.00 19.21 16.12 34.41 10.77 20.10 16.76 19.65 35.36 26.25 35.90 31.62 36.40 27.73 29.15 33.54 0.00 6.00 2.83 22.63 5.00 17.89 25.06 7.28 26.48 10.00 11.18 25.00 22.36 24.17 22.56 29.15 25.50 29.73 31.62 30.41 32.56 18.68 18.25 15.30 30.07 20.00 25.32 15.00 11.66 34.99 18.44
11.66 29.07 20.52 34.54 31.62 15.00 19.80 31.30 5.66 14.14 11.18 13.93 29.43 20.62 30.08 26.00 30.68 22.47 24.21 28.30 6.00 0.00 4.47 18.87 7.81 12.81 22.80 8.06 26.02 11.66 10.05 29.00 25.61 27.20 24.60 32.65 27.31 32.25 34.00 31.95 38.47 24.52 24.19 21.21 36.06 26.00 31.26 21.00 17.09 40.25 24.33
12.17 33.24 24.76 38.01 34.93 19.10 15.62 34.99 10.00 18.00 15.65 18.38 33.14 23.77 33.54 29.12 33.96 25.08 26.42 30.87 2.83 4.47 0.00 19.80 3.61 15.23 22.36 5.00 24.19 8.25 8.54 24.76 21.63 23.32 21.19 28.60 24.04 28.64 30.46 28.86 34.93 21.19 20.62 17.72 32.25 22.09 27.66 17.12 14.42 37.74 20.10
30.53 39.05 31.26 48.09 46.00 28.02 24.08 44.18 20.88 14.56 21.00 21.21 21.95 12.04 20.62 15.23 19.92 9.85 9.06 14.04 22.63 18.87 19.80 0.00 19.42 8.00 7.21 16.64 14.87 17.09 12.53 31.26 26.31 26.68 21.84 32.28 22.85 28.64 29.53 25.24 52.80 39.96 38.95 36.36 49.40 39.40 45.62 34.89 34.06 57.20 36.06
15.00 36.80 28.28 41.59 38.48 22.67 12.04 38.59 13.45 20.22 18.87 21.47 35.00 25.18 35.13 30.41 35.36 25.96 26.93 31.62 5.00 7.81 3.61 19.42 0.00 16.28 20.81 2.83 21.59 5.00 7.07 21.21 18.03 19.72 17.72 25.00 20.62 25.08 26.93 25.50 33.84 20.59 19.70 17.00 30.81 20.62 26.57 15.81 14.87 37.80 18.03
24.08 31.32 23.35 40.11 38.00 20.02 24.74 36.22 13.42 7.21 13.00 13.34 19.24 9.00 19.00 14.14 19.10 9.85 11.40 15.65 17.89 12.81 15.23 8.00 16.28 0.00 14.56 14.04 21.10 16.12 11.18 33.24 28.64 29.53 25.24 35.36 27.02 32.80 34.06 30.41 50.00 36.40 35.74 32.89 47.07 36.88 42.72 32.02 29.53 52.84 34.23
34.18 45.88 37.85 54.45 52.15 34.13 21.54 50.64 26.08 21.54 27.29 27.89 28.60 19.10 26.93 21.63 25.94 16.40 14.76 19.31 25.06 22.80 22.36 7.21 20.81 14.56 0.00 18.03 8.06 16.97 13.89 27.07 22.09 22.00 17.00 27.17 17.26 22.80 23.41 18.79 52.15 40.36 39.05 36.80 48.37 38.83 45.22 34.83 35.61 58.00 34.99
17.12 37.01 28.43 42.54 39.56 23.02 12.21 39.36 13.60 18.68 18.44 20.81 33.06 23.02 33.02 28.16 33.14 23.54 24.35 29.12 7.28 8.06 5.00 16.64 2.83 14.04 18.03 0.00 19.24 3.61 4.24 21.40 17.69 19.21 16.55 24.76 19.31 24.19 25.94 24.04 36.40 23.32 22.36 19.72 33.24 23.09 29.15 18.38 17.69 40.61 20.22
36.35 52.00 43.66 59.67 57.07 39.29 17.69 56.04 30.41 28.30 32.89 34.01 36.62 26.91 34.99 29.68 34.00 24.41 22.83 27.31 26.48 26.02 24.19 14.87 21.59 21.10 8.06 19.24 0.00 16.76 16.00 20.88 16.16 15.52 10.77 20.02 10.05 15.13 15.52 10.77 48.92 38.60 37.01 35.23 44.82 36.07 42.43 32.80 35.34 56.22 31.83
20.00 40.61 32.02 46.10 43.08 26.63 8.94 42.94 17.20 21.54 21.93 24.21 35.36 25.08 35.06 30.00 35.00 25.08 25.50 30.41 10.00 11.66 8.25 17.09 5.00 16.12 16.97 3.61 16.76 0.00 5.00 18.03 14.14 15.62 13.00 21.21 15.81 20.59 22.36 20.62 35.78 23.43 22.20 19.85 32.31 22.36 28.65 18.03 18.87 41.04 18.97
20.62 37.74 29.15 44.27 41.48 24.17 13.60 40.85 14.87 17.00 18.60 20.52 30.41 20.10 30.07 25.00 30.00 20.10 20.62 25.50 11.18 10.05 8.54 12.53 7.07 11.18 13.89 4.24 16.00 5.00 0.00 22.36 18.03 19.21 15.62 25.00 18.03 23.43 25.00 22.36 40.31 27.46 26.42 23.85 37.00 26.93 33.11 22.36 21.93 44.82 23.77
33.54 58.00 49.50 62.13 58.83 43.86 9.22 59.41 34.66 39.36 39.82 42.20 52.20 41.76 51.42 46.10 50.99 40.79 40.31 45.28 25.00 29.00 24.76 31.26 21.21 33.24 27.07 21.40 20.88 18.03 22.36 0.00 5.00 5.39 10.20 5.00 11.18 9.43 11.18 14.14 31.06 25.18 23.19 23.00 26.63 20.62 26.00 20.00 26.48 40.85 16.28
31.62 54.67 46.10 59.54 56.36 40.61 6.32 56.60 31.24 34.99 36.07 38.29 47.43 37.00 46.57 41.23 46.10 35.90 35.36 40.31 22.36 25.61 21.63 26.31 18.03 28.64 22.09 17.69 16.16 14.14 18.03 5.00 0.00 2.00 5.39 7.07 7.07 8.00 10.00 11.18 34.06 26.25 24.35 23.54 29.73 22.36 28.30 20.62 26.00 42.94 17.89
33.53 56.22 47.63 61.29 58.14 42.20 8.25 58.31 32.80 36.06 37.48 39.62 48.10 37.70 47.13 41.76 46.57 36.40 35.69 40.61 24.17 27.20 23.32 26.68 19.72 29.53 22.00 19.21 15.52 15.62 19.21 5.39 2.00 0.00 5.00 5.83 5.83 6.00 8.00 9.43 35.61 28.16 26.25 25.50 31.24 24.17 30.02 22.56 28.00 44.72 19.70
32.39 53.25 44.65 59.09 56.08 39.45 8.54 55.90 30.02 32.02 34.21 36.12 43.46 33.11 42.38 37.00 41.76 31.62 30.81 35.69 22.56 24.60 21.19 21.84 17.72 25.24 17.00 16.55 10.77 13.00 15.62 10.20 5.39 5.00 0.00 10.44 3.00 7.81 9.43 8.00 38.90 29.97 28.18 26.93 34.66 26.63 32.80 24.17 28.44 47.17 22.20
38.08 61.72 53.15 66.37 63.13 47.63 13.04 63.51 38.29 41.88 43.14 45.34 53.85 43.46 52.81 47.43 52.20 42.06 41.23 46.10 29.15 32.65 28.60 32.28 25.00 35.36 27.17 24.76 20.02 21.21 25.00 5.00 7.07 5.83 10.44 0.00 10.00 5.83 7.07 11.18 35.36 30.15 28.16 28.00 30.89 25.50 30.68 25.00 31.40 45.54 21.21
35.36 55.76 47.17 61.85 58.87 42.06 11.40 58.60 32.65 33.97 36.62 38.42 44.72 34.48 43.46 38.08 42.72 32.70 31.62 36.40 25.50 27.31 24.04 22.85 20.62 27.02 17.26 19.31 10.05 15.81 18.03 11.18 7.07 5.83 3.00 10.00 0.00 5.83 7.07 5.00 41.11 32.70 30.87 29.73 36.80 29.15 35.23 26.93 31.40 49.74 24.70
39.29 61.03 52.43 66.64 63.56 47.17 14.14 63.53 37.74 39.70 42.01 43.93 50.54 40.31 49.24 43.86 48.47 38.48 37.34 42.06 29.73 32.25 28.64 28.64 25.08 32.80 22.80 24.19 15.13 20.59 23.43 9.43 8.00 6.00 7.81 5.83 5.83 0.00 2.00 5.39 40.50 33.96 32.02 31.40 36.06 29.73 35.34 28.44 34.00 50.16 25.30
41.23 62.68 54.08 68.45 65.39 48.88 16.12 65.30 39.45 41.04 43.60 45.45 51.48 41.34 50.09 44.72 49.24 39.36 38.08 42.72 31.62 34.00 30.46 29.53 26.93 34.06 23.41 25.94 15.52 22.36 25.00 11.18 10.00 8.00 9.43 7.07 7.07 2.00 0.00 5.00 42.19 35.90 33.96 33.38 37.74 31.62 37.16 30.41 36.00 52.00 27.20
40.31 60.03 51.48 66.48 63.57 46.52 16.28 63.16 37.16 37.54 40.82 42.44 47.17 37.20 45.65 40.31 44.72 34.99 33.54 38.08 30.41 31.95 28.86 25.24 25.50 30.41 18.79 24.04 10.77 20.62 22.36 14.14 11.18 9.43 8.00 11.18 5.00 5.39 5.00 0.00 45.00 37.34 35.47 34.48 40.61 33.54 39.45 31.62 36.35 54.12 29.07
32.25 59.20 52.77 57.25 53.67 47.38 31.24 56.46 42.05 52.61 48.01 51.01 67.90 58.69 68.45 64.03 68.88 59.77 60.75 65.46 32.56 38.47 34.93 52.80 33.84 50.00 52.15 36.40 48.92 35.78 40.31 31.06 34.06 35.61 38.90 35.36 41.11 40.50 42.19 45.00 0.00 14.04 14.32 17.26 4.47 13.42 7.28 18.03 22.00 12.17 17.20
18.68 46.24 39.29 45.80 42.20 33.73 21.47 44.42 28.02 38.64 34.00 37.00 53.94 44.92 54.57 50.29 55.08 46.24 47.42 52.00 18.68 24.52 21.19 39.96 20.59 36.40 40.36 23.32 38.60 23.43 27.46 25.18 26.25 28.16 29.97 30.15 32.70 33.96 35.90 37.34 14.04 0.00 2.00 3.61 12.37 5.39 7.07 5.83 8.06 17.69 9.00
19.31 47.01 39.85 47.01 43.42 34.21 19.72 45.49 28.02 38.33 34.06 37.05 53.60 44.38 54.13 49.73 54.57 45.54 46.62 51.26 18.25 24.19 20.62 38.95 19.70 35.74 39.05 22.36 37.01 22.20 26.42 23.19 24.35 26.25 28.18 28.16 30.87 32.02 33.96 35.47 14.32 2.00 0.00 3.00 12.04 3.61 7.07 4.24 8.54 19.21 7.00
16.55 44.28 37.00 44.69 41.11 31.32 18.38 43.01 25.02 35.36 31.06 34.06 50.64 41.48 51.20 46.84 51.66 42.72 43.86 48.47 15.30 21.21 17.72 36.36 17.00 32.89 36.80 19.72 35.23 19.85 23.85 23.00 23.54 25.50 26.93 28.00 29.73 31.40 33.38 34.48 17.26 3.61 3.00 0.00 15.03 5.83 10.05 3.00 5.83 21.21 7.62
31.05 58.52 51.66 57.45 53.85 46.10 27.20 56.36 40.05 50.16 46.10 49.09 65.38 55.90 65.76 61.19 66.10 56.75 57.57 62.36 30.07 36.06 32.25 49.40 30.81 47.07 48.37 33.24 44.82 32.31 37.00 26.63 29.73 31.24 34.66 30.89 36.80 36.06 37.74 40.61 4.47 12.37 12.04 15.03 0.00 10.20 5.39 15.13 20.40 16.00 13.42
22.36 50.09 42.72 50.45 46.86 37.00 18.44 48.83 30.27 40.05 36.35 39.32 55.23 45.71 55.58 50.99 55.90 46.57 47.43 52.20 20.00 26.00 22.09 39.40 20.62 36.88 38.83 23.09 36.07 22.36 26.93 20.62 22.36 24.17 26.63 25.50 29.15 29.73 31.62 33.54 13.42 5.39 3.61 5.83 10.20 0.00 6.40 5.00 11.66 20.59 4.47
25.71 53.14 46.32 52.15 48.55 40.79 24.76 51.00 35.00 45.40 41.01 44.01 60.67 51.42 61.19 56.75 61.61 52.50 53.49 58.19 25.32 31.26 27.66 45.62 26.57 42.72 45.22 29.15 42.43 28.65 33.11 26.00 28.30 30.02 32.80 30.68 35.23 35.34 37.16 39.45 7.28 7.07 7.07 10.05 5.39 6.40 0.00 10.77 15.13 14.87 10.63
18.03 45.65 38.08 46.69 43.14 32.31 15.65 44.82 25.32 35.06 31.40 34.37 50.25 40.79 50.64 46.10 50.99 41.76 42.72 47.43 15.00 21.00 17.12 34.89 15.81 32.02 34.83 18.38 32.80 18.03 22.36 20.00 20.62 22.56 24.17 25.00 26.93 28.44 30.41 31.62 18.03 5.83 4.24 3.00 15.13 5.00 10.77 0.00 7.81 23.43 5.00
10.77 38.48 31.32 38.95 35.38 25.71 20.10 37.20 20.10 31.05 26.02 29.02 46.32 37.70 47.13 43.08 47.76 39.36 40.82 45.18 11.66 17.09 14.42 34.06 14.87 29.53 35.61 17.69 35.34 18.87 21.93 26.48 26.00 28.00 28.44 31.40 31.40 34.00 36.00 36.35 22.00 8.06 8.54 5.83 20.40 11.66 15.13 7.81 0.00 23.32 12.81
31.05 55.15 50.09 50.96 47.54 45.40 38.83 50.99 42.38 53.85 47.80 50.70 68.95 60.84 70.01 66.21 70.77 62.65 64.14 68.48 34.99 40.25 37.74 57.20 37.80 52.84 58.00 40.61 56.22 41.04 44.82 40.85 42.94 44.72 47.17 45.54 49.74 50.16 52.00 54.12 12.17 17.69 19.21 21.21 16.00 20.59 14.87 23.43 23.32 0.00 25.06
22.80 50.25 42.49 51.62 48.08 36.67 14.14 49.68 29.12 38.05 35.17 38.08 53.01 43.19 53.15 48.37 53.34 43.74 44.38 49.24 18.44 24.33 20.10 36.06 18.03 34.23 34.99 20.22 31.83 18.97 23.77 16.28 17.89 19.70 22.20 21.21 24.70 25.30 27.20 29.07 17.20 9.00 7.00 7.62 13.42 4.47 10.63 5.00 12.81 25.06 0.00

0 3390 0
0 3272 90
0 3279 90
0 3270 90
1261 1421 90
0 3284 90
497 657 90
0 3273 90
2887 3047 90
2601 2761 90
2791 2951 90
2698 2858 90
0 3261 90
2405 2565 90
2026 2186 90
2216 2376 90
1934 2094 90
2311 2471 90
1742 1902 90
1837 1997 90
10 170 90
0 3288 90
22 182 90
1643 1803 90
116 276 90
2504 2664 90
0 3265 90
209 369 90
1447 1607 90
398 558 90
303 463 90
0 3266 90
593 753 90
685 845 90
0 3267 90
876 1036 90
1253 1413 90
0 3260 90
1063 1223 90
1158 1318 90
1819 1979 90
2758 2918 90
2666 2826 90
2573 2733 90
1913 2073 90
2105 2265 90
2009 2169 90
2480 2640 90
0 3289 90
967 1127 90
0 3277 90
Capacitated Vehicle Route with Time Window Problem with Ant Colony Algorithm


R=30

Called function with 20 Blocks:

Attempt #0 ||
Raw data:
0 0 0 12 7 4 41 0 37 21 0 0 0 2 3 1 0 0 22 30 0 26 20 24 0 0 5 50 27 49 40 44 46 45 47 43 0 0 0 48 34 31 29 6 32 33 35 38 39 36 28 23 18 19 16 14 15 17 13 25 9 42 11 10 8
Vehicle #0 : Unused
Vehicle #1 : Unused
Vehicle #2 : 0 (38) 12 (36) 7 (4) 4 (42) 41 (19) 0
Vehicle #3 : 0 (39) 37 (32) 21 (12) 0
Vehicle #4 : Unused
Vehicle #5 : Unused
Vehicle #6 : 0 (21) 2 (17) 3 (12) 1 (28) 0
Vehicle #7 : Unused
Vehicle #8 : 0 (12) 22 (9) 30 (21) 0
Vehicle #9 : 0 (34) 26 (25) 20 (5) 24 (15) 0
Vehicle #10 : Unused
Vehicle #11 : 0 (15) 5 (37) 50 (20) 27 (41) 49 (12) 40 (4) 44 (5) 46 (6) 45 (5) 47 (3) 43 (17) 0
Vehicle #12 : Unused
Vehicle #13 : Unused
Vehicle #14 : 0 (11) 48 (28) 34 (10) 31 (18) 29 (9) 6 (6) 32 (2) 33 (6) 35 (7) 38 (5) 39 (5) 36 (10) 28 (15) 23 (9) 18 (5) 19 (7) 16 (2) 14 (5) 15 (5) 17 (4) 13 (9) 25 (7) 9 (38) 42 (37) 11 (3) 10 (6) 8 (12) 0
 Total length : 868.86

Attempt #1 ||
Raw data:
0 0 34 37 38 36 28 18 19 14 17 25 0 0 7 2 1 4 0 5 50 39 23 0 3 0 26 12 16 43 41 0 22 24 30 29 6 47 42 0 0 0 0 20 0 0 0 21 48 31 27 32 33 35 49 40 44 46 45 15 13 9 11 10 8
Vehicle #0 : Unused
Vehicle #1 : 0 (32) 34 (8) 37 (2) 38 (7) 36 (10) 28 (23) 18 (5) 19 (9) 14 (11) 17 (10) 25 (24) 0
Vehicle #2 : Unused
Vehicle #3 : 0 (27) 7 (13) 2 (9) 1 (12) 4 (26) 0
Vehicle #4 : 0 (15) 5 (37) 50 (29) 39 (25) 23 (31) 0
Vehicle #5 : 0 (29) 3 (29) 0
Vehicle #6 : 0 (34) 26 (29) 12 (5) 16 (52) 43 (4) 41 (19) 0
Vehicle #7 : 0 (12) 22 (4) 24 (7) 30 (5) 29 (9) 6 (16) 47 (4) 42 (19) 0
Vehicle #8 : Unused
Vehicle #9 : Unused
Vehicle #10 : Unused
Vehicle #11 : 0 (10) 20 (10) 0
Vehicle #12 : Unused
Vehicle #13 : Unused
Vehicle #14 : 0 (12) 21 (17) 48 (26) 31 (21) 27 (18) 32 (2) 33 (6) 35 (46) 49 (12) 40 (4) 44 (5) 46 (6) 45 (51) 15 (5) 13 (8) 9 (7) 11 (3) 10 (6) 8 (12) 0
 Total length : 927.23

Attempt #2 ||
Raw data:
0 0 0 45 15 43 41 0 48 24 28 23 10 0 49 40 44 46 0 7 12 3 1 2 4 0 22 35 38 39 0 0 0 0 5 50 30 29 6 32 33 36 0 20 27 47 42 0 0 0 21 34 37 31 26 18 19 16 14 17 13 25 9 11 8
Vehicle #0 : Unused
Vehicle #1 : Unused
Vehicle #2 : 0 (22) 45 (51) 15 (47) 43 (4) 41 (19) 0
Vehicle #3 : 0 (11) 48 (15) 24 (22) 28 (15) 23 (21) 10 (17) 0
Vehicle #4 : 0 (31) 49 (12) 40 (4) 44 (5) 46 (26) 0
Vehicle #5 : 0 (27) 7 (36) 12 (40) 3 (12) 1 (9) 2 (16) 4 (26) 0
Vehicle #6 : 0 (12) 22 (29) 35 (7) 38 (5) 39 (40) 0
Vehicle #7 : Unused
Vehicle #8 : Unused
Vehicle #9 : Unused
Vehicle #10 : 0 (15) 5 (37) 50 (24) 30 (5) 29 (9) 6 (6) 32 (2) 33 (6) 36 (35) 0
Vehicle #11 : 0 (10) 20 (7) 27 (18) 47 (4) 42 (19) 0
Vehicle #12 : Unused
Vehicle #13 : Unused
Vehicle #14 : 0 (12) 21 (25) 34 (8) 37 (9) 31 (27) 26 (15) 18 (5) 19 (7) 16 (2) 14 (11) 17 (4) 13 (9) 25 (7) 9 (7) 11 (9) 8 (12) 0
 Total length : 945.56

Attempt #3 ||
Raw data:
0 0 22 24 6 0 21 12 26 27 0 0 3 2 1 0 0 20 16 46 45 47 43 42 41 0 0 0 49 40 44 25 0 48 5 10 0 0 0 7 0 50 37 31 34 30 29 32 33 35 38 39 36 4 28 23 18 19 14 15 17 13 9 11 8
Vehicle #0 : Unused
Vehicle #1 : 0 (12) 22 (4) 24 (12) 6 (25) 0
Vehicle #2 : 0 (12) 21 (29) 12 (29) 26 (18) 27 (17) 0
Vehicle #3 : Unused
Vehicle #4 : 0 (29) 3 (17) 2 (9) 1 (28) 0
Vehicle #5 : Unused
Vehicle #6 : 0 (10) 20 (36) 16 (62) 46 (6) 45 (5) 47 (3) 43 (3) 42 (2) 41 (19) 0
Vehicle #7 : Unused
Vehicle #8 : Unused
Vehicle #9 : 0 (31) 49 (12) 40 (4) 44 (47) 25 (24) 0
Vehicle #10 : 0 (11) 48 (26) 5 (7) 10 (17) 0
Vehicle #11 : Unused
Vehicle #12 : Unused
Vehicle #13 : 0 (27) 7 (27) 0
Vehicle #14 : 0 (23) 50 (25) 37 (9) 31 (10) 34 (16) 30 (5) 29 (14) 32 (2) 33 (6) 35 (7) 38 (5) 39 (5) 36 (59) 4 (57) 28 (15) 23 (9) 18 (5) 19 (9) 14 (5) 15 (5) 17 (4) 13 (8) 9 (7) 11 (9) 8 (12) 0
 Total length : 950.68

Attempt #4 ||
Raw data:
0 0 2 0 21 1 0 22 30 0 0 0 26 31 49 40 44 46 45 0 3 4 0 5 11 0 7 48 12 37 34 50 33 35 25 9 0 0 0 0 0 20 24 27 29 6 32 38 39 36 28 23 18 19 16 14 15 17 13 47 43 42 41 10 8
Vehicle #0 : Unused
Vehicle #1 : 0 (21) 2 (21) 0
Vehicle #2 : 0 (12) 21 (29) 1 (28) 0
Vehicle #3 : 0 (12) 22 (9) 30 (21) 0
Vehicle #4 : Unused
Vehicle #5 : Unused
Vehicle #6 : 0 (34) 26 (27) 31 (41) 49 (12) 40 (4) 44 (5) 46 (6) 45 (22) 0
Vehicle #7 : 0 (29) 3 (4) 4 (26) 0
Vehicle #8 : 0 (15) 5 (8) 11 (20) 0
Vehicle #9 : 0 (27) 7 (37) 48 (46) 12 (51) 37 (8) 34 (22) 50 (20) 33 (6) 35 (35) 25 (7) 9 (23) 0
Vehicle #10 : Unused
Vehicle #11 : Unused
Vehicle #12 : Unused
Vehicle #13 : Unused
Vehicle #14 : 0 (10) 20 (5) 24 (3) 27 (4) 29 (9) 6 (6) 32 (10) 38 (5) 39 (5) 36 (10) 28 (15) 23 (9) 18 (5) 19 (7) 16 (2) 14 (5) 15 (5) 17 (4) 13 (41) 47 (3) 43 (3) 42 (2) 41 (34) 10 (6) 8 (12) 0
 Total length : 907.49

Attempt #5 ||
Raw data:
0 0 2 1 0 5 30 29 33 35 36 44 43 42 0 20 25 0 0 21 22 24 40 45 41 0 37 34 26 12 0 3 0 0 50 49 46 0 7 4 0 0 0 0 48 31 27 6 32 38 39 28 23 18 19 16 14 15 17 13 47 9 11 10 8
Vehicle #0 : Unused
Vehicle #1 : 0 (21) 2 (9) 1 (28) 0
Vehicle #2 : 0 (15) 5 (24) 30 (5) 29 (16) 33 (6) 35 (10) 36 (37) 44 (15) 43 (3) 42 (19) 0
Vehicle #3 : 0 (10) 20 (18) 25 (24) 0
Vehicle #4 : Unused
Vehicle #5 : 0 (12) 21 (4) 22 (4) 24 (34) 40 (13) 45 (5) 41 (19) 0
Vehicle #6 : 0 (39) 37 (8) 34 (17) 26 (29) 12 (38) 0
Vehicle #7 : 0 (29) 3 (29) 0
Vehicle #8 : Unused
Vehicle #9 : 0 (23) 50 (25) 49 (15) 46 (26) 0
Vehicle #10 : 0 (27) 7 (4) 4 (26) 0
Vehicle #11 : Unused
Vehicle #12 : Unused
Vehicle #13 : Unused
Vehicle #14 : 0 (11) 48 (26) 31 (21) 27 (12) 6 (6) 32 (10) 38 (5) 39 (11) 28 (15) 23 (9) 18 (5) 19 (7) 16 (2) 14 (5) 15 (5) 17 (4) 13 (41) 47 (35) 9 (7) 11 (3) 10 (6) 8 (12) 0
 Total length : 943.60

Attempt #6 ||
Raw data:
0 0 48 20 27 0 22 24 30 29 6 49 40 44 46 45 25 9 0 7 3 2 0 41 0 47 0 21 34 28 0 5 4 0 0 43 42 0 0 0 0 0 31 50 12 1 26 37 32 33 35 38 39 36 23 18 19 16 14 15 17 13 11 10 8
Vehicle #0 : Unused
Vehicle #1 : 0 (11) 48 (12) 20 (7) 27 (17) 0
Vehicle #2 : 0 (12) 22 (4) 24 (7) 30 (5) 29 (9) 6 (39) 49 (12) 40 (4) 44 (5) 46 (6) 45 (37) 25 (7) 9 (23) 0
Vehicle #3 : 0 (27) 7 (4) 3 (17) 2 (21) 0
Vehicle #4 : 0 (19) 41 (19) 0
Vehicle #5 : 0 (18) 47 (18) 0
Vehicle #6 : 0 (12) 21 (25) 34 (11) 28 (36) 0
Vehicle #7 : 0 (15) 5 (18) 4 (26) 0
Vehicle #8 : Unused
Vehicle #9 : 0 (17) 43 (3) 42 (19) 0
Vehicle #10 : Unused
Vehicle #11 : Unused
Vehicle #12 : Unused
Vehicle #13 : Unused
Vehicle #14 : 0 (34) 31 (16) 50 (53) 12 (29) 1 (46) 26 (23) 37 (8) 32 (2) 33 (6) 35 (7) 38 (5) 39 (5) 36 (23) 23 (9) 18 (5) 19 (7) 16 (2) 14 (5) 15 (5) 17 (4) 13 (14) 11 (3) 10 (6) 8 (12) 0
 Total length : 870.41

Attempt #7 ||
Raw data:
0 0 2 0 1 3 0 7 27 4 11 0 0 20 24 30 29 49 40 44 46 45 43 0 48 22 0 47 0 12 37 34 10 0 0 0 0 0 0 50 31 26 21 5 6 32 33 35 38 39 36 28 23 18 19 16 14 15 17 13 25 9 42 41 8
Vehicle #0 : Unused
Vehicle #1 : 0 (21) 2 (21) 0
Vehicle #2 : 0 (28) 1 (12) 3 (29) 0
Vehicle #3 : 0 (27) 7 (39) 27 (40) 4 (25) 11 (20) 0
Vehicle #4 : Unused
Vehicle #5 : 0 (10) 20 (5) 24 (7) 30 (5) 29 (41) 49 (12) 40 (4) 44 (5) 46 (6) 45 (6) 43 (17) 0
Vehicle #6 : 0 (11) 48 (14) 22 (12) 0
Vehicle #7 : 0 (18) 47 (18) 0
Vehicle #8 : 0 (38) 12 (51) 37 (8) 34 (34) 10 (17) 0
Vehicle #9 : Unused
Vehicle #10 : Unused
Vehicle #11 : Unused
Vehicle #12 : Unused
Vehicle #13 : Unused
Vehicle #14 : 0 (23) 50 (16) 31 (27) 26 (23) 21 (15) 5 (35) 6 (6) 32 (2) 33 (6) 35 (7) 38 (5) 39 (5) 36 (10) 28 (15) 23 (9) 18 (5) 19 (7) 16 (2) 14 (5) 15 (5) 17 (4) 13 (9) 25 (7) 9 (38) 42 (2) 41 (28) 8 (12) 0
 Total length : 929.00

Attempt #8 ||
Raw data:
0 0 5 1 3 2 0 7 10 0 31 37 35 45 0 47 0 20 18 19 8 0 50 22 29 6 32 33 38 39 28 23 16 14 15 17 13 25 9 11 0 26 34 49 0 48 0 0 0 0 0 0 21 12 24 27 30 36 4 40 44 46 43 42 41
Vehicle #0 : Unused
Vehicle #1 : 0 (15) 5 (14) 1 (12) 3 (17) 2 (21) 0
Vehicle #2 : 0 (27) 7 (23) 10 (17) 0
Vehicle #3 : 0 (34) 31 (9) 37 (6) 35 (25) 45 (22) 0
Vehicle #4 : 0 (18) 47 (18) 0
Vehicle #5 : 0 (10) 20 (29) 18 (5) 19 (28) 8 (12) 0
Vehicle #6 : 0 (23) 50 (20) 22 (8) 29 (9) 6 (6) 32 (2) 33 (8) 38 (5) 39 (11) 28 (15) 23 (20) 16 (2) 14 (5) 15 (5) 17 (4) 13 (9) 25 (7) 9 (7) 11 (20) 0
Vehicle #7 : 0 (34) 26 (17) 34 (47) 49 (31) 0
Vehicle #8 : 0 (11) 48 (11) 0
Vehicle #9 : Unused
Vehicle #10 : Unused
Vehicle #11 : Unused
Vehicle #12 : Unused
Vehicle #13 : Unused
Vehicle #14 : 0 (12) 21 (29) 12 (35) 24 (3) 27 (4) 30 (18) 36 (59) 4 (54) 40 (4) 44 (5) 46 (10) 43 (3) 42 (2) 41 (19) 0
 Total length : 956.65

Attempt #9 ||
Raw data:
0 0 5 2 3 1 0 0 7 30 29 44 47 42 41 0 0 0 37 21 12 50 31 34 33 0 0 27 39 4 40 46 45 43 11 0 0 0 26 48 49 0 0 0 20 22 24 6 32 35 38 36 28 23 18 19 16 14 15 17 13 25 9 10 8
Vehicle #0 : Unused
Vehicle #1 : 0 (15) 5 (6) 2 (17) 3 (12) 1 (28) 0
Vehicle #2 : Unused
Vehicle #3 : 0 (27) 7 (41) 30 (5) 29 (32) 44 (15) 47 (4) 42 (2) 41 (19) 0
Vehicle #4 : Unused
Vehicle #5 : Unused
Vehicle #6 : 0 (39) 37 (32) 21 (29) 12 (53) 50 (16) 31 (10) 34 (5) 33 (34) 0
Vehicle #7 : Unused
Vehicle #8 : 0 (17) 27 (24) 39 (64) 4 (54) 40 (7) 46 (6) 45 (6) 43 (34) 11 (20) 0
Vehicle #9 : Unused
Vehicle #10 : Unused
Vehicle #11 : 0 (34) 26 (36) 48 (23) 49 (31) 0
Vehicle #12 : Unused
Vehicle #13 : Unused
Vehicle #14 : 0 (10) 20 (3) 22 (4) 24 (12) 6 (6) 32 (7) 35 (7) 38 (7) 36 (10) 28 (15) 23 (9) 18 (5) 19 (7) 16 (2) 14 (5) 15 (5) 17 (4) 13 (9) 25 (7) 9 (8) 10 (6) 8 (12) 0
 Total length : 958.11

Summary:
Average length: 925.76 (+157.01%)
Minimal length: 868.86 (+141.22%)
Fail Rate: 0 %

R=50

Called function with 20 Blocks:

Attempt #0 ||

Opening file "VRPTW_C202_50.txt"!
Given block number : 20
Given rep number : 10
Given Serial Try number : 10
Closing file!
Maximum number of vehicles: 15
Truck capacity : 700
Capacities: 0 10 30 10 10 10 20 20 20 10 10 10 20 30 10 40 40 20 20 10 10 20 20 10 10 40 10 10 20 10 10 20 30 40 20 10 10 20 30 20 10 10 20 10 10 10 30 10 10 10 10
Given Dist matrix:
0.00 27.73 20.62 29.07 25.61 15.13 25.30 26.91 11.66 23.32 16.76 19.65 38.08 30.81 39.36 36.06 40.31 33.30 35.36 39.05 10.00 11.66 12.17 30.53 15.00 24.08 34.18 17.12 36.35 20.00 20.62 33.54 31.62 33.53 32.39 38.08 35.36 39.29 41.23 40.31 32.25 18.68 19.31 16.55 31.05 22.36 25.71 18.03 10.77 31.05 22.80
27.73 0.00 8.60 11.66 12.04 14.14 48.84 7.81 23.43 24.52 19.24 18.03 28.79 30.00 31.62 32.39 33.53 34.00 37.00 37.34 33.30 29.07 33.24 39.05 36.80 31.32 45.88 37.01 52.00 40.61 37.74 58.00 54.67 56.22 53.25 61.72 55.76 61.03 62.68 60.03 59.20 46.24 47.01 44.28 58.52 50.09 53.14 45.65 38.48 55.15 50.25
20.62 8.60 0.00 17.03 15.52 5.83 40.31 13.00 14.87 17.00 10.77 10.05 25.00 23.54 27.46 26.93 29.15 27.46 30.41 31.62 25.00 20.52 24.76 31.26 28.28 23.35 37.85 28.43 43.66 32.02 29.15 49.50 46.10 47.63 44.65 53.15 47.17 52.43 54.08 51.48 52.77 39.29 39.85 37.00 51.66 42.72 46.32 38.08 31.32 50.09 42.49
29.07 11.66 17.03 0.00 3.61 20.40 53.34 4.12 29.41 34.01 27.17 27.00 40.31 40.45 43.08 43.42 44.94 44.41 47.38 48.27 37.22 34.54 38.01 48.09 41.59 40.11 54.45 42.54 59.67 46.10 44.27 62.13 59.54 61.29 59.09 66.37 61.85 66.64 68.45 66.48 57.25 45.80 47.01 44.69 57.45 50.45 52.15 46.69 38.95 50.96 51.62
25.61 12.04 15.52 3.61 0.00 18.03 50.12 4.47 26.68 32.25 25.00 25.18 39.82 39.05 42.49 42.38 44.28 42.95 45.89 47.13 34.00 31.62 34.93 46.00 38.48 38.00 52.15 39.56 57.07 43.08 41.48 58.83 56.36 58.14 56.08 63.13 58.87 63.56 65.39 63.57 53.67 42.20 43.42 41.11 53.85 46.86 48.55 43.14 35.38 47.54 48.08
15.13 14.14 5.83 20.40 18.03 0.00 34.71 16.76 9.43 14.87 7.07 8.06 26.25 22.36 28.28 26.63 29.73 26.00 28.79 30.89 19.21 15.00 19.10 28.02 22.67 20.02 34.13 23.02 39.29 26.63 24.17 43.86 40.61 42.20 39.45 47.63 42.06 47.17 48.88 46.52 47.38 33.73 34.21 31.32 46.10 37.00 40.79 32.31 25.71 45.40 36.67
25.30 48.84 40.31 53.34 50.12 34.71 0.00 50.48 25.46 30.46 30.61 33.02 43.93 33.54 43.42 38.21 43.19 33.06 33.02 38.01 16.12 19.80 15.62 24.08 12.04 24.74 21.54 12.21 17.69 8.94 13.60 9.22 6.32 8.25 8.54 13.04 11.40 14.14 16.12 16.28 31.24 21.47 19.72 18.38 27.20 18.44 24.76 15.65 20.10 38.83 14.14
26.91 7.81 13.00 4.12 4.47 16.76 50.48 0.00 26.00 30.00 23.35 23.02 36.25 36.35 39.00 39.29 40.85 40.31 43.29 44.15 34.41 31.30 34.99 44.18 38.59 36.22 50.64 39.36 56.04 42.94 40.85 59.41 56.60 58.31 55.90 63.51 58.60 63.53 65.30 63.16 56.46 44.42 45.49 43.01 56.36 48.83 51.00 44.82 37.20 50.99 49.68
11.66 23.43 14.87 29.41 26.68 9.43 25.46 26.00 0.00 11.66 6.08 9.06 26.57 19.21 27.73 24.41 28.65 21.93 24.21 27.59 10.77 5.66 10.00 20.88 13.45 13.42 26.08 13.60 30.41 17.20 14.87 34.66 31.24 32.80 30.02 38.29 32.65 37.74 39.45 37.16 42.05 28.02 28.02 25.02 40.05 30.27 35.00 25.32 20.10 42.38 29.12
23.32 24.52 17.00 34.01 32.25 14.87 30.46 30.00 11.66 0.00 8.06 7.07 15.30 7.81 16.16 12.81 17.00 11.18 13.93 16.40 20.10 14.14 18.00 14.56 20.22 7.21 21.54 18.68 28.30 21.54 17.00 39.36 34.99 36.06 32.02 41.88 33.97 39.70 41.04 37.54 52.61 38.64 38.33 35.36 50.16 40.05 45.40 35.06 31.05 53.85 38.05
16.76 19.24 10.77 27.17 25.00 7.07 30.61 23.35 6.08 8.06 0.00 3.00 21.47 15.81 23.02 20.52 24.21 19.24 21.93 24.41 16.76 11.18 15.65 21.00 18.87 13.00 27.29 18.44 32.89 21.93 18.60 39.82 36.07 37.48 34.21 43.14 36.62 42.01 43.60 40.82 48.01 34.00 34.06 31.06 46.10 36.35 41.01 31.40 26.02 47.80 35.17
19.65 18.03 10.05 27.00 25.18 8.06 33.02 23.02 9.06 7.07 3.00 0.00 18.87 14.32 20.62 18.60 21.93 18.03 20.88 22.83 19.65 13.93 18.38 21.21 21.47 13.34 27.89 20.81 34.01 24.21 20.52 42.20 38.29 39.62 36.12 45.34 38.42 43.93 45.45 42.44 51.01 37.00 37.05 34.06 49.09 39.32 44.01 34.37 29.02 50.70 38.08
38.08 28.79 25.00 40.31 39.82 26.25 43.93 36.25 26.57 15.30 21.47 18.87 0.00 10.44 3.00 7.07 5.00 12.21 14.14 11.18 35.36 29.43 33.14 21.95 35.00 19.24 28.60 33.06 36.62 35.36 30.41 52.20 47.43 48.10 43.46 53.85 44.72 50.54 51.48 47.17 67.90 53.94 53.60 50.64 65.38 55.23 60.67 50.25 46.32 68.95 53.01
30.81 30.00 23.54 40.45 39.05 22.36 33.54 36.35 19.21 7.81 15.81 14.32 10.44 0.00 10.00 5.39 10.20 4.00 7.00 8.60 26.25 20.62 23.77 12.04 25.18 9.00 19.10 23.02 26.91 25.08 20.10 41.76 37.00 37.70 33.11 43.46 34.48 40.31 41.34 37.20 58.69 44.92 44.38 41.48 55.90 45.71 51.42 40.79 37.70 60.84 43.19
39.36 31.62 27.46 43.08 42.49 28.28 43.42 39.00 27.73 16.16 23.02 20.62 3.00 10.00 0.00 5.39 2.00 10.77 12.21 8.60 35.90 30.08 33.54 20.62 35.13 19.00 26.93 33.02 34.99 35.06 30.07 51.42 46.57 47.13 42.38 52.81 43.46 49.24 50.09 45.65 68.45 54.57 54.13 51.20 65.76 55.58 61.19 50.64 47.13 70.01 53.15
36.06 32.39 26.93 43.42 42.38 26.63 38.21 39.29 24.41 12.81 20.52 18.60 7.07 5.39 5.39 0.00 5.00 5.39 7.07 5.00 31.62 26.00 29.12 15.23 30.41 14.14 21.63 28.16 29.68 30.00 25.00 46.10 41.23 41.76 37.00 47.43 38.08 43.86 44.72 40.31 64.03 50.29 49.73 46.84 61.19 50.99 56.75 46.10 43.08 66.21 48.37
40.31 33.53 29.15 44.94 44.28 29.73 43.19 40.85 28.65 17.00 24.21 21.93 5.00 10.20 2.00 5.00 0.00 10.20 11.18 7.07 36.40 30.68 33.96 19.92 35.36 19.10 25.94 33.14 34.00 35.00 30.00 50.99 46.10 46.57 41.76 52.20 42.72 48.47 49.24 44.72 68.88 55.08 54.57 51.66 66.10 55.90 61.61 50.99 47.76 70.77 53.34
33.30 34.00 27.46 44.41 42.95 26.00 33.06 40.31 21.93 11.18 19.24 18.03 12.21 4.00 10.77 5.39 10.20 0.00 3.00 5.83 27.73 22.47 25.08 9.85 25.96 9.85 16.40 23.54 24.41 25.08 20.10 40.79 35.90 36.40 31.62 42.06 32.70 38.48 39.36 34.99 59.77 46.24 45.54 42.72 56.75 46.57 52.50 41.76 39.36 62.65 43.74
35.36 37.00 30.41 47.38 45.89 28.79 33.02 43.29 24.21 13.93 21.93 20.88 14.14 7.00 12.21 7.07 11.18 3.00 0.00 5.00 29.15 24.21 26.42 9.06 26.93 11.40 14.76 24.35 22.83 25.50 20.62 40.31 35.36 35.69 30.81 41.23 31.62 37.34 38.08 33.54 60.75 47.42 46.62 43.86 57.57 47.43 53.49 42.72 40.82 64.14 44.38
39.05 37.34 31.62 48.27 47.13 30.89 38.01 44.15 27.59 16.40 24.41 22.83 11.18 8.60 8.60 5.00 7.07 5.83 5.00 0.00 33.54 28.30 30.87 14.04 31.62 15.65 19.31 29.12 27.31 30.41 25.50 45.28 40.31 40.61 35.69 46.10 36.40 42.06 42.72 38.08 65.46 52.00 51.26 48.47 62.36 52.20 58.19 47.43 45.18 68.48 49.24
10.00 33.30 25.00 37.22 34.00 19.21 16.12 34.41 10.77 20.10 16.76 19.65 35.36 26.25 35.90 31.62 36.40 27.73 29.15 33.54 0.00 6.00 2.83 22.63 5.00 17.89 25.06 7.28 26.48 10.00 11.18 25.00 22.36 24.17 22.56 29.15 25.50 29.73 31.62 30.41 32.56 18.68 18.25 15.30 30.07 20.00 25.32 15.00 11.66 34.99 18.44
11.66 29.07 20.52 34.54 31.62 15.00 19.80 31.30 5.66 14.14 11.18 13.93 29.43 20.62 30.08 26.00 30.68 22.47 24.21 28.30 6.00 0.00 4.47 18.87 7.81 12.81 22.80 8.06 26.02 11.66 10.05 29.00 25.61 27.20 24.60 32.65 27.31 32.25 34.00 31.95 38.47 24.52 24.19 21.21 36.06 26.00 31.26 21.00 17.09 40.25 24.33
12.17 33.24 24.76 38.01 34.93 19.10 15.62 34.99 10.00 18.00 15.65 18.38 33.14 23.77 33.54 29.12 33.96 25.08 26.42 30.87 2.83 4.47 0.00 19.80 3.61 15.23 22.36 5.00 24.19 8.25 8.54 24.76 21.63 23.32 21.19 28.60 24.04 28.64 30.46 28.86 34.93 21.19 20.62 17.72 32.25 22.09 27.66 17.12 14.42 37.74 20.10
30.53 39.05 31.26 48.09 46.00 28.02 24.08 44.18 20.88 14.56 21.00 21.21 21.95 12.04 20.62 15.23 19.92 9.85 9.06 14.04 22.63 18.87 19.80 0.00 19.42 8.00 7.21 16.64 14.87 17.09 12.53 31.26 26.31 26.68 21.84 32.28 22.85 28.64 29.53 25.24 52.80 39.96 38.95 36.36 49.40 39.40 45.62 34.89 34.06 57.20 36.06
15.00 36.80 28.28 41.59 38.48 22.67 12.04 38.59 13.45 20.22 18.87 21.47 35.00 25.18 35.13 30.41 35.36 25.96 26.93 31.62 5.00 7.81 3.61 19.42 0.00 16.28 20.81 2.83 21.59 5.00 7.07 21.21 18.03 19.72 17.72 25.00 20.62 25.08 26.93 25.50 33.84 20.59 19.70 17.00 30.81 20.62 26.57 15.81 14.87 37.80 18.03
24.08 31.32 23.35 40.11 38.00 20.02 24.74 36.22 13.42 7.21 13.00 13.34 19.24 9.00 19.00 14.14 19.10 9.85 11.40 15.65 17.89 12.81 15.23 8.00 16.28 0.00 14.56 14.04 21.10 16.12 11.18 33.24 28.64 29.53 25.24 35.36 27.02 32.80 34.06 30.41 50.00 36.40 35.74 32.89 47.07 36.88 42.72 32.02 29.53 52.84 34.23
34.18 45.88 37.85 54.45 52.15 34.13 21.54 50.64 26.08 21.54 27.29 27.89 28.60 19.10 26.93 21.63 25.94 16.40 14.76 19.31 25.06 22.80 22.36 7.21 20.81 14.56 0.00 18.03 8.06 16.97 13.89 27.07 22.09 22.00 17.00 27.17 17.26 22.80 23.41 18.79 52.15 40.36 39.05 36.80 48.37 38.83 45.22 34.83 35.61 58.00 34.99
17.12 37.01 28.43 42.54 39.56 23.02 12.21 39.36 13.60 18.68 18.44 20.81 33.06 23.02 33.02 28.16 33.14 23.54 24.35 29.12 7.28 8.06 5.00 16.64 2.83 14.04 18.03 0.00 19.24 3.61 4.24 21.40 17.69 19.21 16.55 24.76 19.31 24.19 25.94 24.04 36.40 23.32 22.36 19.72 33.24 23.09 29.15 18.38 17.69 40.61 20.22
36.35 52.00 43.66 59.67 57.07 39.29 17.69 56.04 30.41 28.30 32.89 34.01 36.62 26.91 34.99 29.68 34.00 24.41 22.83 27.31 26.48 26.02 24.19 14.87 21.59 21.10 8.06 19.24 0.00 16.76 16.00 20.88 16.16 15.52 10.77 20.02 10.05 15.13 15.52 10.77 48.92 38.60 37.01 35.23 44.82 36.07 42.43 32.80 35.34 56.22 31.83
20.00 40.61 32.02 46.10 43.08 26.63 8.94 42.94 17.20 21.54 21.93 24.21 35.36 25.08 35.06 30.00 35.00 25.08 25.50 30.41 10.00 11.66 8.25 17.09 5.00 16.12 16.97 3.61 16.76 0.00 5.00 18.03 14.14 15.62 13.00 21.21 15.81 20.59 22.36 20.62 35.78 23.43 22.20 19.85 32.31 22.36 28.65 18.03 18.87 41.04 18.97
20.62 37.74 29.15 44.27 41.48 24.17 13.60 40.85 14.87 17.00 18.60 20.52 30.41 20.10 30.07 25.00 30.00 20.10 20.62 25.50 11.18 10.05 8.54 12.53 7.07 11.18 13.89 4.24 16.00 5.00 0.00 22.36 18.03 19.21 15.62 25.00 18.03 23.43 25.00 22.36 40.31 27.46 26.42 23.85 37.00 26.93 33.11 22.36 21.93 44.82 23.77
33.54 58.00 49.50 62.13 58.83 43.86 9.22 59.41 34.66 39.36 39.82 42.20 52.20 41.76 51.42 46.10 50.99 40.79 40.31 45.28 25.00 29.00 24.76 31.26 21.21 33.24 27.07 21.40 20.88 18.03 22.36 0.00 5.00 5.39 10.20 5.00 11.18 9.43 11.18 14.14 31.06 25.18 23.19 23.00 26.63 20.62 26.00 20.00 26.48 40.85 16.28
31.62 54.67 46.10 59.54 56.36 40.61 6.32 56.60 31.24 34.99 36.07 38.29 47.43 37.00 46.57 41.23 46.10 35.90 35.36 40.31 22.36 25.61 21.63 26.31 18.03 28.64 22.09 17.69 16.16 14.14 18.03 5.00 0.00 2.00 5.39 7.07 7.07 8.00 10.00 11.18 34.06 26.25 24.35 23.54 29.73 22.36 28.30 20.62 26.00 42.94 17.89
33.53 56.22 47.63 61.29 58.14 42.20 8.25 58.31 32.80 36.06 37.48 39.62 48.10 37.70 47.13 41.76 46.57 36.40 35.69 40.61 24.17 27.20 23.32 26.68 19.72 29.53 22.00 19.21 15.52 15.62 19.21 5.39 2.00 0.00 5.00 5.83 5.83 6.00 8.00 9.43 35.61 28.16 26.25 25.50 31.24 24.17 30.02 22.56 28.00 44.72 19.70
32.39 53.25 44.65 59.09 56.08 39.45 8.54 55.90 30.02 32.02 34.21 36.12 43.46 33.11 42.38 37.00 41.76 31.62 30.81 35.69 22.56 24.60 21.19 21.84 17.72 25.24 17.00 16.55 10.77 13.00 15.62 10.20 5.39 5.00 0.00 10.44 3.00 7.81 9.43 8.00 38.90 29.97 28.18 26.93 34.66 26.63 32.80 24.17 28.44 47.17 22.20
38.08 61.72 53.15 66.37 63.13 47.63 13.04 63.51 38.29 41.88 43.14 45.34 53.85 43.46 52.81 47.43 52.20 42.06 41.23 46.10 29.15 32.65 28.60 32.28 25.00 35.36 27.17 24.76 20.02 21.21 25.00 5.00 7.07 5.83 10.44 0.00 10.00 5.83 7.07 11.18 35.36 30.15 28.16 28.00 30.89 25.50 30.68 25.00 31.40 45.54 21.21
35.36 55.76 47.17 61.85 58.87 42.06 11.40 58.60 32.65 33.97 36.62 38.42 44.72 34.48 43.46 38.08 42.72 32.70 31.62 36.40 25.50 27.31 24.04 22.85 20.62 27.02 17.26 19.31 10.05 15.81 18.03 11.18 7.07 5.83 3.00 10.00 0.00 5.83 7.07 5.00 41.11 32.70 30.87 29.73 36.80 29.15 35.23 26.93 31.40 49.74 24.70
39.29 61.03 52.43 66.64 63.56 47.17 14.14 63.53 37.74 39.70 42.01 43.93 50.54 40.31 49.24 43.86 48.47 38.48 37.34 42.06 29.73 32.25 28.64 28.64 25.08 32.80 22.80 24.19 15.13 20.59 23.43 9.43 8.00 6.00 7.81 5.83 5.83 0.00 2.00 5.39 40.50 33.96 32.02 31.40 36.06 29.73 35.34 28.44 34.00 50.16 25.30
41.23 62.68 54.08 68.45 65.39 48.88 16.12 65.30 39.45 41.04 43.60 45.45 51.48 41.34 50.09 44.72 49.24 39.36 38.08 42.72 31.62 34.00 30.46 29.53 26.93 34.06 23.41 25.94 15.52 22.36 25.00 11.18 10.00 8.00 9.43 7.07 7.07 2.00 0.00 5.00 42.19 35.90 33.96 33.38 37.74 31.62 37.16 30.41 36.00 52.00 27.20
40.31 60.03 51.48 66.48 63.57 46.52 16.28 63.16 37.16 37.54 40.82 42.44 47.17 37.20 45.65 40.31 44.72 34.99 33.54 38.08 30.41 31.95 28.86 25.24 25.50 30.41 18.79 24.04 10.77 20.62 22.36 14.14 11.18 9.43 8.00 11.18 5.00 5.39 5.00 0.00 45.00 37.34 35.47 34.48 40.61 33.54 39.45 31.62 36.35 54.12 29.07
32.25 59.20 52.77 57.25 53.67 47.38 31.24 56.46 42.05 52.61 48.01 51.01 67.90 58.69 68.45 64.03 68.88 59.77 60.75 65.46 32.56 38.47 34.93 52.80 33.84 50.00 52.15 36.40 48.92 35.78 40.31 31.06 34.06 35.61 38.90 35.36 41.11 40.50 42.19 45.00 0.00 14.04 14.32 17.26 4.47 13.42 7.28 18.03 22.00 12.17 17.20
18.68 46.24 39.29 45.80 42.20 33.73 21.47 44.42 28.02 38.64 34.00 37.00 53.94 44.92 54.57 50.29 55.08 46.24 47.42 52.00 18.68 24.52 21.19 39.96 20.59 36.40 40.36 23.32 38.60 23.43 27.46 25.18 26.25 28.16 29.97 30.15 32.70 33.96 35.90 37.34 14.04 0.00 2.00 3.61 12.37 5.39 7.07 5.83 8.06 17.69 9.00
19.31 47.01 39.85 47.01 43.42 34.21 19.72 45.49 28.02 38.33 34.06 37.05 53.60 44.38 54.13 49.73 54.57 45.54 46.62 51.26 18.25 24.19 20.62 38.95 19.70 35.74 39.05 22.36 37.01 22.20 26.42 23.19 24.35 26.25 28.18 28.16 30.87 32.02 33.96 35.47 14.32 2.00 0.00 3.00 12.04 3.61 7.07 4.24 8.54 19.21 7.00
16.55 44.28 37.00 44.69 41.11 31.32 18.38 43.01 25.02 35.36 31.06 34.06 50.64 41.48 51.20 46.84 51.66 42.72 43.86 48.47 15.30 21.21 17.72 36.36 17.00 32.89 36.80 19.72 35.23 19.85 23.85 23.00 23.54 25.50 26.93 28.00 29.73 31.40 33.38 34.48 17.26 3.61 3.00 0.00 15.03 5.83 10.05 3.00 5.83 21.21 7.62
31.05 58.52 51.66 57.45 53.85 46.10 27.20 56.36 40.05 50.16 46.10 49.09 65.38 55.90 65.76 61.19 66.10 56.75 57.57 62.36 30.07 36.06 32.25 49.40 30.81 47.07 48.37 33.24 44.82 32.31 37.00 26.63 29.73 31.24 34.66 30.89 36.80 36.06 37.74 40.61 4.47 12.37 12.04 15.03 0.00 10.20 5.39 15.13 20.40 16.00 13.42
22.36 50.09 42.72 50.45 46.86 37.00 18.44 48.83 30.27 40.05 36.35 39.32 55.23 45.71 55.58 50.99 55.90 46.57 47.43 52.20 20.00 26.00 22.09 39.40 20.62 36.88 38.83 23.09 36.07 22.36 26.93 20.62 22.36 24.17 26.63 25.50 29.15 29.73 31.62 33.54 13.42 5.39 3.61 5.83 10.20 0.00 6.40 5.00 11.66 20.59 4.47
25.71 53.14 46.32 52.15 48.55 40.79 24.76 51.00 35.00 45.40 41.01 44.01 60.67 51.42 61.19 56.75 61.61 52.50 53.49 58.19 25.32 31.26 27.66 45.62 26.57 42.72 45.22 29.15 42.43 28.65 33.11 26.00 28.30 30.02 32.80 30.68 35.23 35.34 37.16 39.45 7.28 7.07 7.07 10.05 5.39 6.40 0.00 10.77 15.13 14.87 10.63
18.03 45.65 38.08 46.69 43.14 32.31 15.65 44.82 25.32 35.06 31.40 34.37 50.25 40.79 50.64 46.10 50.99 41.76 42.72 47.43 15.00 21.00 17.12 34.89 15.81 32.02 34.83 18.38 32.80 18.03 22.36 20.00 20.62 22.56 24.17 25.00 26.93 28.44 30.41 31.62 18.03 5.83 4.24 3.00 15.13 5.00 10.77 0.00 7.81 23.43 5.00
10.77 38.48 31.32 38.95 35.38 25.71 20.10 37.20 20.10 31.05 26.02 29.02 46.32 37.70 47.13 43.08 47.76 39.36 40.82 45.18 11.66 17.09 14.42 34.06 14.87 29.53 35.61 17.69 35.34 18.87 21.93 26.48 26.00 28.00 28.44 31.40 31.40 34.00 36.00 36.35 22.00 8.06 8.54 5.83 20.40 11.66 15.13 7.81 0.00 23.32 12.81
31.05 55.15 50.09 50.96 47.54 45.40 38.83 50.99 42.38 53.85 47.80 50.70 68.95 60.84 70.01 66.21 70.77 62.65 64.14 68.48 34.99 40.25 37.74 57.20 37.80 52.84 58.00 40.61 56.22 41.04 44.82 40.85 42.94 44.72 47.17 45.54 49.74 50.16 52.00 54.12 12.17 17.69 19.21 21.21 16.00 20.59 14.87 23.43 23.32 0.00 25.06
22.80 50.25 42.49 51.62 48.08 36.67 14.14 49.68 29.12 38.05 35.17 38.08 53.01 43.19 53.15 48.37 53.34 43.74 44.38 49.24 18.44 24.33 20.10 36.06 18.03 34.23 34.99 20.22 31.83 18.97 23.77 16.28 17.89 19.70 22.20 21.21 24.70 25.30 27.20 29.07 17.20 9.00 7.00 7.62 13.42 4.47 10.63 5.00 12.81 25.06 0.00

0 3390 0
0 3272 90
0 3279 90
0 3270 90
1261 1421 90
0 3284 90
497 657 90
0 3273 90
2887 3047 90
2601 2761 90
2791 2951 90
2698 2858 90
0 3261 90
2405 2565 90
2026 2186 90
2216 2376 90
1934 2094 90
2311 2471 90
1742 1902 90
1837 1997 90
10 170 90
0 3288 90
22 182 90
1643 1803 90
116 276 90
2504 2664 90
0 3265 90
209 369 90
1447 1607 90
398 558 90
303 463 90
0 3266 90
593 753 90
685 845 90
0 3267 90
876 1036 90
1253 1413 90
0 3260 90
1063 1223 90
1158 1318 90
1819 1979 90
2758 2918 90
2666 2826 90
2573 2733 90
1913 2073 90
2105 2265 90
2009 2169 90
2480 2640 90
0 3289 90
967 1127 90
0 3277 90
Capacitated Vehicle Route with Time Window Problem with Ant Colony Algorithm


R=30

Called function with 20 Blocks:

Attempt #0 ||
Raw data:
0 0 0 12 7 4 41 0 37 21 0 0 0 2 3 1 0 0 22 30 0 26 20 24 0 0 5 50 27 49 40 44 46 45 47 43 0 0 0 48 34 31 29 6 32 33 35 38 39 36 28 23 18 19 16 14 15 17 13 25 9 42 11 10 8
Vehicle #0 : Unused
Vehicle #1 : Unused
Vehicle #2 : 0 (38) 12 (36) 7 (4) 4 (42) 41 (19) 0
Vehicle #3 : 0 (39) 37 (32) 21 (12) 0
Vehicle #4 : Unused
Vehicle #5 : Unused
Vehicle #6 : 0 (21) 2 (17) 3 (12) 1 (28) 0
Vehicle #7 : Unused
Vehicle #8 : 0 (12) 22 (9) 30 (21) 0
Vehicle #9 : 0 (34) 26 (25) 20 (5) 24 (15) 0
Vehicle #10 : Unused
Vehicle #11 : 0 (15) 5 (37) 50 (20) 27 (41) 49 (12) 40 (4) 44 (5) 46 (6) 45 (5) 47 (3) 43 (17) 0
Vehicle #12 : Unused
Vehicle #13 : Unused
Vehicle #14 : 0 (11) 48 (28) 34 (10) 31 (18) 29 (9) 6 (6) 32 (2) 33 (6) 35 (7) 38 (5) 39 (5) 36 (10) 28 (15) 23 (9) 18 (5) 19 (7) 16 (2) 14 (5) 15 (5) 17 (4) 13 (9) 25 (7) 9 (38) 42 (37) 11 (3) 10 (6) 8 (12) 0
 Total length : 868.86

Attempt #1 ||
Raw data:
0 0 34 37 38 36 28 18 19 14 17 25 0 0 7 2 1 4 0 5 50 39 23 0 3 0 26 12 16 43 41 0 22 24 30 29 6 47 42 0 0 0 0 20 0 0 0 21 48 31 27 32 33 35 49 40 44 46 45 15 13 9 11 10 8
Vehicle #0 : Unused
Vehicle #1 : 0 (32) 34 (8) 37 (2) 38 (7) 36 (10) 28 (23) 18 (5) 19 (9) 14 (11) 17 (10) 25 (24) 0
Vehicle #2 : Unused
Vehicle #3 : 0 (27) 7 (13) 2 (9) 1 (12) 4 (26) 0
Vehicle #4 : 0 (15) 5 (37) 50 (29) 39 (25) 23 (31) 0
Vehicle #5 : 0 (29) 3 (29) 0
Vehicle #6 : 0 (34) 26 (29) 12 (5) 16 (52) 43 (4) 41 (19) 0
Vehicle #7 : 0 (12) 22 (4) 24 (7) 30 (5) 29 (9) 6 (16) 47 (4) 42 (19) 0
Vehicle #8 : Unused
Vehicle #9 : Unused
Vehicle #10 : Unused
Vehicle #11 : 0 (10) 20 (10) 0
Vehicle #12 : Unused
Vehicle #13 : Unused
Vehicle #14 : 0 (12) 21 (17) 48 (26) 31 (21) 27 (18) 32 (2) 33 (6) 35 (46) 49 (12) 40 (4) 44 (5) 46 (6) 45 (51) 15 (5) 13 (8) 9 (7) 11 (3) 10 (6) 8 (12) 0
 Total length : 927.23

Attempt #2 ||
Raw data:
0 0 0 45 15 43 41 0 48 24 28 23 10 0 49 40 44 46 0 7 12 3 1 2 4 0 22 35 38 39 0 0 0 0 5 50 30 29 6 32 33 36 0 20 27 47 42 0 0 0 21 34 37 31 26 18 19 16 14 17 13 25 9 11 8
Vehicle #0 : Unused
Vehicle #1 : Unused
Vehicle #2 : 0 (22) 45 (51) 15 (47) 43 (4) 41 (19) 0
Vehicle #3 : 0 (11) 48 (15) 24 (22) 28 (15) 23 (21) 10 (17) 0
Vehicle #4 : 0 (31) 49 (12) 40 (4) 44 (5) 46 (26) 0
Vehicle #5 : 0 (27) 7 (36) 12 (40) 3 (12) 1 (9) 2 (16) 4 (26) 0
Vehicle #6 : 0 (12) 22 (29) 35 (7) 38 (5) 39 (40) 0
Vehicle #7 : Unused
Vehicle #8 : Unused
Vehicle #9 : Unused
Vehicle #10 : 0 (15) 5 (37) 50 (24) 30 (5) 29 (9) 6 (6) 32 (2) 33 (6) 36 (35) 0
Vehicle #11 : 0 (10) 20 (7) 27 (18) 47 (4) 42 (19) 0
Vehicle #12 : Unused
Vehicle #13 : Unused
Vehicle #14 : 0 (12) 21 (25) 34 (8) 37 (9) 31 (27) 26 (15) 18 (5) 19 (7) 16 (2) 14 (11) 17 (4) 13 (9) 25 (7) 9 (7) 11 (9) 8 (12) 0
 Total length : 945.56

Attempt #3 ||
Raw data:
0 0 22 24 6 0 21 12 26 27 0 0 3 2 1 0 0 20 16 46 45 47 43 42 41 0 0 0 49 40 44 25 0 48 5 10 0 0 0 7 0 50 37 31 34 30 29 32 33 35 38 39 36 4 28 23 18 19 14 15 17 13 9 11 8
Vehicle #0 : Unused
Vehicle #1 : 0 (12) 22 (4) 24 (12) 6 (25) 0
Vehicle #2 : 0 (12) 21 (29) 12 (29) 26 (18) 27 (17) 0
Vehicle #3 : Unused
Vehicle #4 : 0 (29) 3 (17) 2 (9) 1 (28) 0
Vehicle #5 : Unused
Vehicle #6 : 0 (10) 20 (36) 16 (62) 46 (6) 45 (5) 47 (3) 43 (3) 42 (2) 41 (19) 0
Vehicle #7 : Unused
Vehicle #8 : Unused
Vehicle #9 : 0 (31) 49 (12) 40 (4) 44 (47) 25 (24) 0
Vehicle #10 : 0 (11) 48 (26) 5 (7) 10 (17) 0
Vehicle #11 : Unused
Vehicle #12 : Unused
Vehicle #13 : 0 (27) 7 (27) 0
Vehicle #14 : 0 (23) 50 (25) 37 (9) 31 (10) 34 (16) 30 (5) 29 (14) 32 (2) 33 (6) 35 (7) 38 (5) 39 (5) 36 (59) 4 (57) 28 (15) 23 (9) 18 (5) 19 (9) 14 (5) 15 (5) 17 (4) 13 (8) 9 (7) 11 (9) 8 (12) 0
 Total length : 950.68

Attempt #4 ||
Raw data:
0 0 2 0 21 1 0 22 30 0 0 0 26 31 49 40 44 46 45 0 3 4 0 5 11 0 7 48 12 37 34 50 33 35 25 9 0 0 0 0 0 20 24 27 29 6 32 38 39 36 28 23 18 19 16 14 15 17 13 47 43 42 41 10 8
Vehicle #0 : Unused
Vehicle #1 : 0 (21) 2 (21) 0
Vehicle #2 : 0 (12) 21 (29) 1 (28) 0
Vehicle #3 : 0 (12) 22 (9) 30 (21) 0
Vehicle #4 : Unused
Vehicle #5 : Unused
Vehicle #6 : 0 (34) 26 (27) 31 (41) 49 (12) 40 (4) 44 (5) 46 (6) 45 (22) 0
Vehicle #7 : 0 (29) 3 (4) 4 (26) 0
Vehicle #8 : 0 (15) 5 (8) 11 (20) 0
Vehicle #9 : 0 (27) 7 (37) 48 (46) 12 (51) 37 (8) 34 (22) 50 (20) 33 (6) 35 (35) 25 (7) 9 (23) 0
Vehicle #10 : Unused
Vehicle #11 : Unused
Vehicle #12 : Unused
Vehicle #13 : Unused
Vehicle #14 : 0 (10) 20 (5) 24 (3) 27 (4) 29 (9) 6 (6) 32 (10) 38 (5) 39 (5) 36 (10) 28 (15) 23 (9) 18 (5) 19 (7) 16 (2) 14 (5) 15 (5) 17 (4) 13 (41) 47 (3) 43 (3) 42 (2) 41 (34) 10 (6) 8 (12) 0
 Total length : 907.49

Attempt #5 ||
Raw data:
0 0 2 1 0 5 30 29 33 35 36 44 43 42 0 20 25 0 0 21 22 24 40 45 41 0 37 34 26 12 0 3 0 0 50 49 46 0 7 4 0 0 0 0 48 31 27 6 32 38 39 28 23 18 19 16 14 15 17 13 47 9 11 10 8
Vehicle #0 : Unused
Vehicle #1 : 0 (21) 2 (9) 1 (28) 0
Vehicle #2 : 0 (15) 5 (24) 30 (5) 29 (16) 33 (6) 35 (10) 36 (37) 44 (15) 43 (3) 42 (19) 0
Vehicle #3 : 0 (10) 20 (18) 25 (24) 0
Vehicle #4 : Unused
Vehicle #5 : 0 (12) 21 (4) 22 (4) 24 (34) 40 (13) 45 (5) 41 (19) 0
Vehicle #6 : 0 (39) 37 (8) 34 (17) 26 (29) 12 (38) 0
Vehicle #7 : 0 (29) 3 (29) 0
Vehicle #8 : Unused
Vehicle #9 : 0 (23) 50 (25) 49 (15) 46 (26) 0
Vehicle #10 : 0 (27) 7 (4) 4 (26) 0
Vehicle #11 : Unused
Vehicle #12 : Unused
Vehicle #13 : Unused
Vehicle #14 : 0 (11) 48 (26) 31 (21) 27 (12) 6 (6) 32 (10) 38 (5) 39 (11) 28 (15) 23 (9) 18 (5) 19 (7) 16 (2) 14 (5) 15 (5) 17 (4) 13 (41) 47 (35) 9 (7) 11 (3) 10 (6) 8 (12) 0
 Total length : 943.60

Attempt #6 ||
Raw data:
0 0 48 20 27 0 22 24 30 29 6 49 40 44 46 45 25 9 0 7 3 2 0 41 0 47 0 21 34 28 0 5 4 0 0 43 42 0 0 0 0 0 31 50 12 1 26 37 32 33 35 38 39 36 23 18 19 16 14 15 17 13 11 10 8
Vehicle #0 : Unused
Vehicle #1 : 0 (11) 48 (12) 20 (7) 27 (17) 0
Vehicle #2 : 0 (12) 22 (4) 24 (7) 30 (5) 29 (9) 6 (39) 49 (12) 40 (4) 44 (5) 46 (6) 45 (37) 25 (7) 9 (23) 0
Vehicle #3 : 0 (27) 7 (4) 3 (17) 2 (21) 0
Vehicle #4 : 0 (19) 41 (19) 0
Vehicle #5 : 0 (18) 47 (18) 0
Vehicle #6 : 0 (12) 21 (25) 34 (11) 28 (36) 0
Vehicle #7 : 0 (15) 5 (18) 4 (26) 0
Vehicle #8 : Unused
Vehicle #9 : 0 (17) 43 (3) 42 (19) 0
Vehicle #10 : Unused
Vehicle #11 : Unused
Vehicle #12 : Unused
Vehicle #13 : Unused
Vehicle #14 : 0 (34) 31 (16) 50 (53) 12 (29) 1 (46) 26 (23) 37 (8) 32 (2) 33 (6) 35 (7) 38 (5) 39 (5) 36 (23) 23 (9) 18 (5) 19 (7) 16 (2) 14 (5) 15 (5) 17 (4) 13 (14) 11 (3) 10 (6) 8 (12) 0
 Total length : 870.41

Attempt #7 ||
Raw data:
0 0 2 0 1 3 0 7 27 4 11 0 0 20 24 30 29 49 40 44 46 45 43 0 48 22 0 47 0 12 37 34 10 0 0 0 0 0 0 50 31 26 21 5 6 32 33 35 38 39 36 28 23 18 19 16 14 15 17 13 25 9 42 41 8
Vehicle #0 : Unused
Vehicle #1 : 0 (21) 2 (21) 0
Vehicle #2 : 0 (28) 1 (12) 3 (29) 0
Vehicle #3 : 0 (27) 7 (39) 27 (40) 4 (25) 11 (20) 0
Vehicle #4 : Unused
Vehicle #5 : 0 (10) 20 (5) 24 (7) 30 (5) 29 (41) 49 (12) 40 (4) 44 (5) 46 (6) 45 (6) 43 (17) 0
Vehicle #6 : 0 (11) 48 (14) 22 (12) 0
Vehicle #7 : 0 (18) 47 (18) 0
Vehicle #8 : 0 (38) 12 (51) 37 (8) 34 (34) 10 (17) 0
Vehicle #9 : Unused
Vehicle #10 : Unused
Vehicle #11 : Unused
Vehicle #12 : Unused
Vehicle #13 : Unused
Vehicle #14 : 0 (23) 50 (16) 31 (27) 26 (23) 21 (15) 5 (35) 6 (6) 32 (2) 33 (6) 35 (7) 38 (5) 39 (5) 36 (10) 28 (15) 23 (9) 18 (5) 19 (7) 16 (2) 14 (5) 15 (5) 17 (4) 13 (9) 25 (7) 9 (38) 42 (2) 41 (28) 8 (12) 0
 Total length : 929.00

Attempt #8 ||
Raw data:
0 0 5 1 3 2 0 7 10 0 31 37 35 45 0 47 0 20 18 19 8 0 50 22 29 6 32 33 38 39 28 23 16 14 15 17 13 25 9 11 0 26 34 49 0 48 0 0 0 0 0 0 21 12 24 27 30 36 4 40 44 46 43 42 41
Vehicle #0 : Unused
Vehicle #1 : 0 (15) 5 (14) 1 (12) 3 (17) 2 (21) 0
Vehicle #2 : 0 (27) 7 (23) 10 (17) 0
Vehicle #3 : 0 (34) 31 (9) 37 (6) 35 (25) 45 (22) 0
Vehicle #4 : 0 (18) 47 (18) 0
Vehicle #5 : 0 (10) 20 (29) 18 (5) 19 (28) 8 (12) 0
Vehicle #6 : 0 (23) 50 (20) 22 (8) 29 (9) 6 (6) 32 (2) 33 (8) 38 (5) 39 (11) 28 (15) 23 (20) 16 (2) 14 (5) 15 (5) 17 (4) 13 (9) 25 (7) 9 (7) 11 (20) 0
Vehicle #7 : 0 (34) 26 (17) 34 (47) 49 (31) 0
Vehicle #8 : 0 (11) 48 (11) 0
Vehicle #9 : Unused
Vehicle #10 : Unused
Vehicle #11 : Unused
Vehicle #12 : Unused
Vehicle #13 : Unused
Vehicle #14 : 0 (12) 21 (29) 12 (35) 24 (3) 27 (4) 30 (18) 36 (59) 4 (54) 40 (4) 44 (5) 46 (10) 43 (3) 42 (2) 41 (19) 0
 Total length : 956.65

Attempt #9 ||
Raw data:
0 0 5 2 3 1 0 0 7 30 29 44 47 42 41 0 0 0 37 21 12 50 31 34 33 0 0 27 39 4 40 46 45 43 11 0 0 0 26 48 49 0 0 0 20 22 24 6 32 35 38 36 28 23 18 19 16 14 15 17 13 25 9 10 8
Vehicle #0 : Unused
Vehicle #1 : 0 (15) 5 (6) 2 (17) 3 (12) 1 (28) 0
Vehicle #2 : Unused
Vehicle #3 : 0 (27) 7 (41) 30 (5) 29 (32) 44 (15) 47 (4) 42 (2) 41 (19) 0
Vehicle #4 : Unused
Vehicle #5 : Unused
Vehicle #6 : 0 (39) 37 (32) 21 (29) 12 (53) 50 (16) 31 (10) 34 (5) 33 (34) 0
Vehicle #7 : Unused
Vehicle #8 : 0 (17) 27 (24) 39 (64) 4 (54) 40 (7) 46 (6) 45 (6) 43 (34) 11 (20) 0
Vehicle #9 : Unused
Vehicle #10 : Unused
Vehicle #11 : 0 (34) 26 (36) 48 (23) 49 (31) 0
Vehicle #12 : Unused
Vehicle #13 : Unused
Vehicle #14 : 0 (10) 20 (3) 22 (4) 24 (12) 6 (6) 32 (7) 35 (7) 38 (7) 36 (10) 28 (15) 23 (9) 18 (5) 19 (7) 16 (2) 14 (5) 15 (5) 17 (4) 13 (9) 25 (7) 9 (8) 10 (6) 8 (12) 0
 Total length : 958.11

Summary:
Average length: 925.76 (+157.01%)
Minimal length: 868.86 (+141.22%)
Fail Rate: 0 %

R=50

Called function with 20 Blocks:

Attempt #0 ||
Raw data:
0 0 21 24 49 42 41 0 50 22 27 32 33 35 38 39 28 23 18 19 16 14 0 31 26 37 34 6 4 43 0 7 1 2 0 0 0 0 0 0 48 46 45 47 11 10 0 0 20 0 0 5 3 12 30 29 36 40 44 15 17 13 25 9 8
Vehicle #0 : Unused
Vehicle #1 : 0 (12) 21 (8) 24 (38) 49 (19) 42 (2) 41 (19) 0
Vehicle #2 : 0 (23) 50 (20) 22 (5) 27 (18) 32 (2) 33 (6) 35 (7) 38 (5) 39 (11) 28 (15) 23 (9) 18 (5) 19 (7) 16 (2) 14 (39) 0
Vehicle #3 : 0 (34) 31 (27) 26 (23) 37 (8) 34 (9) 6 (50) 4 (41) 43 (17) 0
Vehicle #4 : 0 (27) 7 (8) 1 (9) 2 (21) 0
Vehicle #5 : Unused
Vehicle #6 : Unused
Vehicle #7 : Unused
Vehicle #8 : Unused
Vehicle #9 : Unused
Vehicle #10 : 0 (11) 48 (15) 46 (6) 45 (5) 47 (34) 11 (3) 10 (17) 0
Vehicle #11 : Unused
Vehicle #12 : 0 (10) 20 (10) 0
Vehicle #13 : Unused
Vehicle #14 : 0 (15) 5 (20) 3 (40) 12 (30) 30 (5) 29 (16) 36 (41) 40 (4) 44 (61) 15 (5) 17 (4) 13 (9) 25 (7) 9 (12) 8 (12) 0
 Total length : 936.46

Attempt #1 ||
Raw data:
0 0 12 50 31 37 34 7 3 1 2 0 20 0 0 48 45 47 43 42 0 22 4 28 40 44 46 0 26 6 0 0 0 0 0 0 0 0 5 21 24 27 30 29 32 33 35 49 38 39 36 23 18 19 16 14 15 17 13 25 9 11 41 10 8
Vehicle #0 : Unused
Vehicle #1 : 0 (38) 12 (53) 50 (16) 31 (9) 37 (8) 34 (56) 7 (4) 3 (12) 1 (9) 2 (21) 0
Vehicle #2 : 0 (10) 20 (10) 0
Vehicle #3 : Unused
Vehicle #4 : 0 (11) 48 (12) 45 (5) 47 (3) 43 (3) 42 (19) 0
Vehicle #5 : 0 (12) 22 (35) 4 (57) 28 (49) 40 (4) 44 (5) 46 (26) 0
Vehicle #6 : 0 (34) 26 (22) 6 (25) 0
Vehicle #7 : Unused
Vehicle #8 : Unused
Vehicle #9 : Unused
Vehicle #10 : Unused
Vehicle #11 : Unused
Vehicle #12 : Unused
Vehicle #13 : Unused
Vehicle #14 : 0 (15) 5 (15) 21 (8) 24 (3) 27 (4) 30 (5) 29 (14) 32 (2) 33 (6) 35 (46) 49 (52) 38 (5) 39 (5) 36 (23) 23 (9) 18 (5) 19 (7) 16 (2) 14 (5) 15 (5) 17 (4) 13 (9) 25 (7) 9 (7) 11 (37) 41 (34) 10 (6) 8 (12) 0
 Total length : 920.23

Attempt #2 ||
Raw data:
0 0 50 31 34 37 29 18 19 46 45 47 0 0 7 1 2 0 12 0 0 3 0 48 49 43 11 10 0 5 21 4 0 26 6 36 28 40 44 0 0 0 0 0 20 22 24 27 30 32 33 35 38 39 23 16 14 15 17 13 25 9 42 41 8
Vehicle #0 : Unused
Vehicle #1 : 0 (23) 50 (16) 31 (10) 34 (8) 37 (21) 29 (25) 18 (5) 19 (58) 46 (6) 45 (5) 47 (18) 0
Vehicle #2 : Unused
Vehicle #3 : 0 (27) 7 (8) 1 (9) 2 (21) 0
Vehicle #4 : 0 (38) 12 (38) 0
Vehicle #5 : Unused
Vehicle #6 : 0 (29) 3 (29) 0
Vehicle #7 : 0 (11) 48 (23) 49 (21) 43 (34) 11 (3) 10 (17) 0
Vehicle #8 : 0 (15) 5 (15) 21 (32) 4 (26) 0
Vehicle #9 : 0 (34) 26 (22) 6 (11) 36 (10) 28 (49) 40 (4) 44 (31) 0
Vehicle #10 : Unused
Vehicle #11 : Unused
Vehicle #12 : Unused
Vehicle #13 : Unused
Vehicle #14 : 0 (10) 20 (3) 22 (4) 24 (3) 27 (4) 30 (18) 32 (2) 33 (6) 35 (7) 38 (5) 39 (25) 23 (20) 16 (2) 14 (5) 15 (5) 17 (4) 13 (9) 25 (7) 9 (38) 42 (2) 41 (28) 8 (12) 0
 Total length : 971.72

Attempt #3 ||
Raw data:
0 0 48 22 24 30 44 47 0 21 50 31 27 4 16 8 0 0 0 0 26 29 49 0 0 0 37 38 39 40 43 41 0 5 7 46 45 42 0 20 0 0 0 1 2 3 12 34 6 32 33 35 36 28 23 18 19 14 15 17 13 25 9 11 10
Vehicle #0 : Unused
Vehicle #1 : 0 (11) 48 (14) 22 (4) 24 (7) 30 (37) 44 (15) 47 (18) 0
Vehicle #2 : 0 (12) 21 (24) 50 (16) 31 (21) 27 (40) 4 (44) 16 (29) 8 (12) 0
Vehicle #3 : Unused
Vehicle #4 : Unused
Vehicle #5 : Unused
Vehicle #6 : 0 (34) 26 (17) 29 (41) 49 (31) 0
Vehicle #7 : Unused
Vehicle #8 : Unused
Vehicle #9 : 0 (39) 37 (2) 38 (5) 39 (45) 40 (17) 43 (4) 41 (19) 0
Vehicle #10 : 0 (15) 5 (17) 7 (51) 46 (6) 45 (4) 42 (19) 0
Vehicle #11 : 0 (10) 20 (10) 0
Vehicle #12 : Unused
Vehicle #13 : Unused
Vehicle #14 : 0 (28) 1 (9) 2 (17) 3 (40) 12 (43) 34 (9) 6 (6) 32 (2) 33 (6) 35 (10) 36 (10) 28 (15) 23 (9) 18 (5) 19 (9) 14 (5) 15 (5) 17 (4) 13 (9) 25 (7) 9 (7) 11 (3) 10 (17) 0
 Total length : 965.38

Attempt #4 ||
Raw data:
0 0 0 26 0 0 0 37 40 44 46 45 43 0 20 22 0 5 3 2 1 0 34 31 50 6 33 19 15 25 9 11 10 0 0 0 0 0 12 7 49 4 0 48 21 24 27 30 29 32 35 38 39 36 28 23 18 16 14 17 13 47 42 41 8
Vehicle #0 : Unused
Vehicle #1 : Unused
Vehicle #2 : 0 (34) 26 (34) 0
Vehicle #3 : Unused
Vehicle #4 : Unused
Vehicle #5 : 0 (39) 37 (40) 40 (4) 44 (5) 46 (6) 45 (6) 43 (17) 0
Vehicle #6 : 0 (10) 20 (3) 22 (12) 0
Vehicle #7 : 0 (15) 5 (20) 3 (17) 2 (9) 1 (28) 0
Vehicle #8 : 0 (32) 34 (10) 31 (16) 50 (14) 6 (8) 33 (41) 19 (5) 15 (14) 25 (7) 9 (7) 11 (3) 10 (17) 0
Vehicle #9 : Unused
Vehicle #10 : Unused
Vehicle #11 : Unused
Vehicle #12 : Unused
Vehicle #13 : 0 (38) 12 (36) 7 (51) 49 (48) 4 (26) 0
Vehicle #14 : 0 (11) 48 (17) 21 (8) 24 (3) 27 (4) 30 (5) 29 (14) 32 (7) 35 (7) 38 (5) 39 (5) 36 (10) 28 (15) 23 (9) 18 (11) 16 (2) 14 (11) 17 (4) 13 (41) 47 (4) 42 (2) 41 (28) 8 (12) 0
 Total length : 908.85

Attempt #5 ||
Raw data:
0 0 5 2 0 48 37 34 30 0 7 3 1 0 0 20 25 9 0 0 12 27 23 18 16 14 15 17 41 0 21 4 40 46 45 8 0 0 0 31 50 49 44 0 0 0 26 22 24 29 6 32 33 35 38 39 36 28 19 13 47 43 42 11 10
Vehicle #0 : Unused
Vehicle #1 : 0 (15) 5 (6) 2 (21) 0
Vehicle #2 : 0 (11) 48 (34) 37 (8) 34 (16) 30 (21) 0
Vehicle #3 : 0 (27) 7 (4) 3 (12) 1 (28) 0
Vehicle #4 : Unused
Vehicle #5 : 0 (10) 20 (18) 25 (7) 9 (23) 0
Vehicle #6 : Unused
Vehicle #7 : 0 (38) 12 (33) 27 (17) 23 (9) 18 (11) 16 (2) 14 (5) 15 (5) 17 (46) 41 (19) 0
Vehicle #8 : 0 (12) 21 (32) 4 (54) 40 (7) 46 (6) 45 (30) 8 (12) 0
Vehicle #9 : Unused
Vehicle #10 : Unused
Vehicle #11 : 0 (34) 31 (16) 50 (25) 49 (16) 44 (31) 0
Vehicle #12 : Unused
Vehicle #13 : Unused
Vehicle #14 : 0 (34) 26 (22) 22 (4) 24 (5) 29 (9) 6 (6) 32 (2) 33 (6) 35 (7) 38 (5) 39 (5) 36 (10) 28 (27) 19 (9) 13 (41) 47 (3) 43 (3) 42 (37) 11 (3) 10 (17) 0
 Total length : 974.33

Attempt #6 ||
Raw data:
0 0 21 22 24 30 33 35 38 40 44 46 45 47 42 41 0 50 26 29 49 23 9 11 0 7 4 0 0 0 0 20 27 6 32 14 13 10 8 0 0 5 0 0 0 0 0 48 31 34 37 12 2 1 3 39 36 28 18 19 16 15 17 25 43
Vehicle #0 : Unused
Vehicle #1 : 0 (12) 21 (4) 22 (4) 24 (7) 30 (19) 33 (6) 35 (7) 38 (42) 40 (4) 44 (5) 46 (6) 45 (5) 47 (4) 42 (2) 41 (19) 0
Vehicle #2 : 0 (23) 50 (35) 26 (17) 29 (41) 49 (57) 23 (15) 9 (7) 11 (20) 0
Vehicle #3 : 0 (27) 7 (4) 4 (26) 0
Vehicle #4 : Unused
Vehicle #5 : Unused
Vehicle #6 : Unused
Vehicle #7 : 0 (10) 20 (7) 27 (12) 6 (6) 32 (47) 14 (10) 13 (16) 10 (6) 8 (12) 0
Vehicle #8 : Unused
Vehicle #9 : 0 (15) 5 (15) 0
Vehicle #10 : Unused
Vehicle #11 : Unused
Vehicle #12 : Unused
Vehicle #13 : Unused
Vehicle #14 : 0 (11) 48 (26) 31 (10) 34 (8) 37 (51) 12 (25) 2 (9) 1 (12) 3 (66) 39 (5) 36 (10) 28 (23) 18 (5) 19 (7) 16 (5) 15 (5) 17 (10) 25 (33) 43 (17) 0
 Total length : 911.94

Attempt #7 ||
Raw data:
0 0 50 26 34 30 32 33 36 23 18 19 13 25 9 10 0 48 7 3 2 1 0 21 38 44 47 0 12 37 0 0 31 20 49 40 46 45 43 42 41 0 0 5 0 0 29 4 0 0 0 0 22 24 27 6 35 39 28 16 14 15 17 11 8
Vehicle #0 : Unused
Vehicle #1 : 0 (23) 50 (35) 26 (17) 34 (16) 30 (18) 32 (2) 33 (6) 36 (23) 23 (9) 18 (5) 19 (9) 13 (9) 25 (7) 9 (8) 10 (17) 0
Vehicle #2 : 0 (11) 48 (37) 7 (4) 3 (17) 2 (9) 1 (28) 0
Vehicle #3 : 0 (12) 21 (34) 38 (38) 44 (15) 47 (18) 0
Vehicle #4 : 0 (38) 12 (51) 37 (39) 0
Vehicle #5 : Unused
Vehicle #6 : 0 (34) 31 (25) 20 (35) 49 (12) 40 (7) 46 (6) 45 (6) 43 (3) 42 (2) 41 (19) 0
Vehicle #7 : Unused
Vehicle #8 : 0 (15) 5 (15) 0
Vehicle #9 : Unused
Vehicle #10 : 0 (20) 29 (43) 4 (26) 0
Vehicle #11 : Unused
Vehicle #12 : Unused
Vehicle #13 : Unused
Vehicle #14 : 0 (12) 22 (4) 24 (3) 27 (12) 6 (13) 35 (11) 39 (11) 28 (34) 16 (2) 14 (5) 15 (5) 17 (18) 11 (9) 8 (12) 0
 Total length : 971.89

Attempt #8 ||
Raw data:
0 0 3 0 21 5 7 1 2 0 0 22 24 19 16 14 15 17 13 9 11 10 8 0 0 48 49 0 0 0 31 34 37 26 12 50 0 0 0 40 0 0 20 27 30 29 6 32 33 35 38 39 36 4 28 23 18 44 46 45 47 25 43 42 41
Vehicle #0 : Unused
Vehicle #1 : 0 (29) 3 (29) 0
Vehicle #2 : 0 (12) 21 (15) 5 (17) 7 (8) 1 (9) 2 (21) 0
Vehicle #3 : Unused
Vehicle #4 : 0 (12) 22 (4) 24 (32) 19 (7) 16 (2) 14 (5) 15 (5) 17 (4) 13 (8) 9 (7) 11 (3) 10 (6) 8 (12) 0
Vehicle #5 : Unused
Vehicle #6 : 0 (11) 48 (23) 49 (31) 0
Vehicle #7 : Unused
Vehicle #8 : Unused
Vehicle #9 : 0 (34) 31 (10) 34 (8) 37 (23) 26 (29) 12 (53) 50 (23) 0
Vehicle #10 : Unused
Vehicle #11 : Unused
Vehicle #12 : 0 (32) 40 (32) 0
Vehicle #13 : Unused
Vehicle #14 : 0 (10) 20 (7) 27 (4) 30 (5) 29 (9) 6 (6) 32 (2) 33 (6) 35 (7) 38 (5) 39 (5) 36 (59) 4 (57) 28 (15) 23 (9) 18 (58) 44 (5) 46 (6) 45 (5) 47 (32) 25 (33) 43 (3) 42 (2) 41 (19) 0
 Total length : 923.36

Attempt #9 ||
Raw data:
0 0 0 0 48 37 2 1 0 34 31 5 26 12 50 49 40 46 47 43 41 0 3 0 0 0 7 4 44 42 0 0 21 6 32 25 0 0 45 0 0 20 22 24 27 30 29 33 35 38 39 36 28 23 18 19 16 14 15 17 13 9 11 10 8
Vehicle #0 : Unused
Vehicle #1 : Unused
Vehicle #2 : Unused
Vehicle #3 : 0 (11) 48 (34) 37 (52) 2 (9) 1 (28) 0
Vehicle #4 : 0 (32) 34 (10) 31 (44) 5 (34) 26 (29) 12 (53) 50 (25) 49 (12) 40 (7) 46 (11) 47 (3) 43 (4) 41 (19) 0
Vehicle #5 : 0 (29) 3 (29) 0
Vehicle #6 : Unused
Vehicle #7 : Unused
Vehicle #8 : 0 (27) 7 (4) 4 (54) 44 (12) 42 (19) 0
Vehicle #9 : Unused
Vehicle #10 : 0 (12) 21 (20) 6 (6) 32 (29) 25 (24) 0
Vehicle #11 : Unused
Vehicle #12 : 0 (22) 45 (22) 0
Vehicle #13 : Unused
Vehicle #14 : 0 (10) 20 (3) 22 (4) 24 (3) 27 (4) 30 (5) 29 (16) 33 (6) 35 (7) 38 (5) 39 (5) 36 (10) 28 (15) 23 (9) 18 (5) 19 (7) 16 (2) 14 (5) 15 (5) 17 (4) 13 (8) 9 (7) 11 (3) 10 (6) 8 (12) 0
 Total length : 891.70

Summary:
Average length: 937.59 (+160.30%)
Minimal length: 891.70 (+147.56%)
Fail Rate: 0 %
C:\Iskola dolgok\Projektek\CUDA\Project Solutions\VRP\x64\Release\VRPTW.exe (process 21424) exited with code 0.
To automatically close the console when debugging stops, enable Tools->Options->Debugging->Automatically close the console when debugging stops.
Press any key to close this window . . .
