32
6.29447372786358 -4.4615403007822 7.81806505071597 1.37647321744385 -4.80259194298692 5.60504136642276 -0.264167351936553 8.09761937359786 3.58271081731495 6.10978849059371 -6.53222773761989 3.32677703168851 6.4875253337767 0.62667813131349 2.04340975163591 2.95235260345369 0.87771867999278 -9.11091815443523 5.3770850485923 -9.9895524928611 1.0458268307755 -7.88581146836557 -8.91521031117741 1.9442270067571 -3.23804562395656 3.67431144816716 5.63863933176004 -8.81193406283446 1.15577933509752 -1.51330432748619 6.18407702587587 5.78147029877917
8.11583874151238 -9.07657218737692 9.18582850410889 -0.612187178835883 6.00136960448615 -2.20522326077493 -1.28282822838162 9.5949675671217 -2.08969568662814 1.5344303122937 -2.18124395352529 0.782529300857133 9.65326799443901 -3.4970863635888 -2.26457610958031 3.58033508186404 4.42093241159623 5.09866534462358 -6.65492909010557 7.30877182026049 2.59766770128842 -7.15917756192004 -6.45784932421782 -4.00126019820422 -4.12053893947032 -7.35834088572874 -7.98787355275157 -3.68377123322268 -3.73142020126817 -1.4128842284759 4.97237743552394 7.04527780687691
-7.46026367412988 -8.05736437528305 0.944310599276061 -9.76195860997517 -1.37172345072911 -5.16617428172335 -1.06432501140388 -1.22260053747794 -2.65126702911047 -6.34155061170172 6.62759485678139 3.96211040360617 4.60497584535195 -7.88741593341956 8.31982488262851 2.71573421028167 0.449906115542042 -5.14429284358076 7.23960957404145 2.25132938967997 -9.36017968474866 -6.67079118247158 3.25616123921949 -7.31754134342635 4.92626855407359 4.45449079313532 -4.11867332482743 5.45444261725869 -6.67592874195699 -7.50254482560374 -7.59625964025839 0.112732351435124
8.26751712278039 6.46915656654585 -7.22751114342642 -3.25754711202237 8.21295188859046 -1.9217570882377 -3.87301055966885 -7.77761553118802 9.75964006323266 -5.20135978862565 6.06728783204881 3.33055826805174 -3.12245991770034 2.21917317492401 -9.97697885741785 8.90348226218803 9.87409248241704 -1.15195373996113 9.79744307263008 9.79900411417662 2.29426838234281 2.41917287870617 -3.38342009593391 -5.74796933282314 -9.79326763313207 -7.79293038715303 -5.25253960588842 3.9286597801219 2.4499451855979 -9.51131967899252 0.500903295252176 2.71322777722754
2.64718492450819 3.89657245951634 -7.01411988881885 -6.75635383613514 -6.36305943394295 -8.07090949663223 0.17017310762254 -4.83870608175866 -9.24522267520896 7.73023866152203 -8.79057641660213 -6.43735091199324 1.68138666556904 5.57604483648185 -0.751016815153427 -5.82130155147954 -5.62646735200732 3.75592170240214 0.288469130114088 0.553601386768847 -2.75177075453895 1.47419529682396 7.96972275668599 7.89883350881629 -9.03105321493556 -7.65014295696334 0.617445140558567 -7.4933563778164 9.75869469904991 -4.19629469738546 -3.48332742473502 9.0178883075627
-8.04919190001181 -3.65801039878279 -4.84983491752527 5.88569081367814 -4.7239416695602 -7.3605341478733 0.215431283442193 -1.82560307774896 7.70336016404951 -9.42651695071788 -2.01484458772849 -7.43971200559655 -7.84461969512514 -1.53094162074524 -1.5130192036925 4.1856340542109 -7.88403453499544 -2.81543579196279 7.68562046253911 -0.409532295795625 -9.00934841915878 -8.95844219428261 -7.63689603106579 -8.57094374425911 3.35832243147247 2.81435845931851 -8.17002537321176 -7.39697099221153 -6.59135953886233 -3.64958834201547 0.92898879806137 -1.12071689962379
-4.43003562265903 9.0044409767671 6.81434511967325 -3.7756991591039 -7.08922039230566 8.8410118155097 6.35255416644524 1.89792148017229 8.26573655278478 -0.201972229755523 0.537516610165918 9.98160789522721 8.12616301299466 -8.18353428425121 -0.781672679420719 -5.27538846012407 -7.80605070953612 4.72680148602404 1.76052110616995 6.02695211043904 -0.208600216453565 8.62402769216499 9.76835857569961 -5.15026882126561 2.06935967661539 -3.42371570486395 -1.89369160238817 -8.15295322561597 -4.84415498855974 3.0738026793295 -2.02238495233602 -8.79962360441048
0.937630384099677 -9.31107838994182 -4.91435642056938 0.570662710124255 -7.27862882582673 9.12269080459605 5.89662833766906 -4.75576504438309 5.92367747170424 -6.64145708635487 -1.66401064138426 -6.57757867287136 7.5930744896381 -4.67057018441855 5.40319457217219 -7.61207504405389 -8.72817258049789 -2.10585049442474 -6.90495302687911 -5.44314128587916 -6.14979207875851 4.57323363356542 0.799641980758583 -8.92491215582572 0.522049315911223 3.07624045191547 -7.90307505768487 -9.8435941286133 -2.06401362733713 9.13871848141368 -1.69813226773907 7.33499793998637
9.15013670868595 -1.22511280687204 6.28569652137633 -6.68702541000438 7.38584415280179 1.50417190156931 2.88636260387383 2.05686178764166 -8.02575442688851 9.57361299282318 3.13719781947414 -9.34798358938944 6.35521118741284 -6.92686564817387 -3.55056385626443 2.14607881371269 -1.90840008284748 3.66831733935957 -6.00274354285096 -0.0381141760722059 -7.5383250490811 4.7568330759518 4.13834838645526 -1.16555885871152 4.59418896446455 4.98262926207038 -7.75432075687947 -1.53781229671667 -8.52010460846124 8.71461745569761 -6.38524479490411 2.62377468538022
9.29777070398553 -2.36883085813983 -5.12950062550021 2.03963882803273 1.5940917473114 -8.80440914105688 -2.42781234679463 4.22431560867366 -4.76257632258568 4.25388943357828 2.55946718380208 1.2239958541932 -4.78544001889071 -4.37989394932258 5.69478589521483 -0.99724606068208 -1.03254175867009 4.08094860668532 -1.86090325722186 8.0170497706401 -5.8901165818464 -8.73190998614364 9.98983240195409 -9.73433599065495 4.14506970630843 1.66371462909752 5.68855781487825 3.11146349875829 3.68192133924018 -0.842273322912664 -4.89226519023898 -2.89852696242302
-6.84773836644903 5.31033576298005 8.58527246374456 -4.74057430919711 0.997204036726639 -5.30440173255187 6.23160916564954 -5.5650653196552 -3.29286320074407 0.00943248309686062 -4.1603184007657 7.6373300090362 1.88712501328662 -1.19829721996558 -0.572856925787768 -0.825490127022643 -2.68367646323657 -1.15389173233258 4.97411436431383 1.49322438260375 -7.0697017877022 7.20881126076464 -4.24301310369725 7.94382701947144 5.62754103598554 4.80064655975555 -4.16859364186138 4.45845049384049 -1.95223334607676 -5.19043206335831 -9.58928450683631 9.94006543213295
9.41185563521231 5.90399802274126 -3.00032468030382 3.08158196953564 -7.10090403552546 -2.93682857555858 0.656511775989097 -7.65164698288388 3.59455902754676 -0.578232509161214 -1.36697659502559 3.38350609068788 -9.54974814519536 0.542854835213046 -9.28474533461764 3.23889503811304 5.27009281697627 -9.60844752893363 6.51167631572311 6.90356370108073 -6.21855651054772 8.68810237922427 -1.70954922213783 -6.06683617264736 -4.24046048771658 -5.30346170504191 2.07066877501774 0.624185871648775 9.65670402787902 5.27795888572957 8.47351225240815 -5.51657002033746
9.14333896485891 -6.26254790891243 -6.06809499137584 3.78429006280015 7.06062235443788 6.42388080395918 -2.98545792846233 -4.06648253563346 -7.26893725289261 -8.80762264840722 -9.69025748727962 -6.19133465640092 -1.4948135957173 -0.851512686246521 -6.48251168632938 5.4057102960732 2.55792759228338 -3.38284239571858 5.79926059889062 4.77280583990804 -9.14695178177713 9.68796624481943 -0.703201167497253 -8.13258966489814 3.85063972773038 4.69915083392104 9.28845334431803 -7.82364123453909 -1.95632029555031 5.18654766262193 3.07399778016506 3.0490214593723
-0.292487025543176 -0.204712084235378 -4.97832284047938 4.96303185647419 2.44110262970132 -9.6919312469689 8.78003123999774 -3.62443396148235 4.4245499716348 3.63943808298126 9.68127448758307 -2.6216690787221 -3.74562226358769 7.5074319720837 4.43516066782205 -2.9956397311779 5.4396077110849 -1.51381006333725 -3.62951509202016 1.71974071652952 2.70395833719764 7.17877633367732 5.27914156983913 -3.8526620082416 1.13339669928025 9.41197050173229 -1.35030012059278 2.63532747056978 2.41343894399157 4.81296129957228 8.65227144097128 2.09981283816519
6.005609377776 -1.08827598578201 2.32089352293278 -0.989168029950045 -2.98095238215458 -9.13952396684384 7.51885622985968 -1.51666480572386 -7.86476276785517 -9.15137724998517 -6.65663180170688 -0.785481254791769 -6.770305113765 0.361042167222083 -0.530280140693593 3.24019196718269 8.65707140557639 -4.59459153135869 0.681282547414527 -5.0653094802805 -4.3626628823914 5.71117978530061 6.36408077815341 -0.87884666312517 -2.06958414836815 7.33860583503832 3.8950438923588 -7.47000269341394 -6.91260389041455 4.87376682974652 -6.72975262944949 -2.2550913703373
-7.16227322745569 2.92626020222529 -0.534223021945415 -8.32357244006135 0.264990797341067 -6.62019941074591 1.00312685796844 0.157165693222364 3.07514697337119 -8.57109070798715 -7.87567310142672 9.63275901941499 -6.42467626495264 8.87245249096776 -6.94557599123536 -1.67682820060407 9.45481708006028 -6.05892403809088 -8.20098642458838 3.32832434638936 0.771933560906808 0.267548371751499 -7.99556919609017 -7.9666121275049 -8.76818665892071 -8.27530940273007 5.16198550578908 -7.31393391372851 -2.37309591111056 -7.88159166534469 8.42194511784395 -7.15625681418992
-1.5647743474745 4.18729661716145 -2.96680985874007 -5.42046062566362 -1.96383932496117 2.98230949912904 2.44950172002455 -8.28968405819912 -0.116521267214598 0.432996849285674 -2.55180519888926 -6.87190095546873 -1.54228621799831 2.75418196144348 -3.17750785901781 6.83858305382618 -6.1594330114445 6.4344236992262 -7.76588511613593 -8.33034372794755 3.90326078888664 -6.4479507898827 -6.43766092226467 9.90779455310183 5.60351062982347 -2.67126767361602 -1.34715347705799 -8.02811814578005 -6.77732056301278 3.63120860940631 5.89315770777506 -9.49730028579594
8.31471050378134 5.09373363964722 6.61657255792582 8.26674723003339 -8.48066616618316 4.63444771317341 1.74089409062834 -4.75035530603335 5.5810344646255 -8.06539948438266 -6.03763194914051 7.11045611691823 -8.11541322224531 9.15387879683167 2.14778427536695 6.65833638150432 -7.22251594341689 -1.40157181233467 -7.27414902123403 2.51919570343166 -0.0176797303482097 -2.02821006528314 -2.80730173035839 -3.35814333095002 -3.2483227189591 -2.61602391339964 3.10996079607075 -7.15945503136143 5.16224862654837 -0.734788428125617 1.54788393413297 -1.57775492469517
5.84414659119109 -4.47949846002843 1.70528182305448 -6.95243962061554 -5.20167692892684 2.95491926272613 -5.84515414533943 6.02029245539477 4.30074156801388 6.36297107719249 -0.206247239679522 2.89529073740176 1.97047337513482 -5.1858592903968 -6.16509489076404 -4.87118015541705 3.9253267416599 7.75541908512708 3.57304609600376 3.21889115894685 0.716021115022265 -7.32137498024058 -8.86590621863418 -4.05306368224157 2.15731814525892 3.70056945323219 -7.80489898553897 -6.63497403016945 7.42222243830778 -5.75673589490131 -1.19928808479493 -6.31799421144978
9.18984852785806 3.5940535370735 0.99447216582279 6.51633954979095 -7.53362130329669 -0.981525871381102 -3.97507339441019 -9.41559444875707 8.07441121112632 6.35094184158573 -3.21013173218485 -2.47455579442337 -0.581514872833321 3.52244607727504 4.76853679953883 2.26921473625751 -8.12359946450269 -2.17634009077673 -0.0964596182067883 4.59503710634442 -1.09633669407915 -9.38220902510097 0.437713473225585 -8.75909557360735 4.82508099004436 1.95883270767778 8.67519696770665 -6.07502155486089 -2.98446510228215 -8.02962524623783 -4.84772526575125 4.51550534938906
3.11481398313174 3.10196007947681 8.3438732765962 0.766848705201141 -6.32184423435167 0.9401778457269 -0.581533029648186 8.57708278956089 7.81845008661578 4.44879184733685 9.03260929555454 -6.18152609527394 3.91898626603216 -4.21870856651046 -5.14300803363662 1.64498329054454 0.508088077186715 5.38228774776591 -6.2057918796484 7.81504232650644 -7.5213544480386 8.78283412139096 -3.28302050646151 -4.03512056224472 -7.90373516053001 5.78727887283811 -6.25078387156627 -3.65040449701129 3.71071417495074 6.47148947855677 5.038927877349 -2.59274626969604
-9.28576642851621 -6.74776529610739 -4.28321962359253 9.92269433253771 -5.20094948670194 -4.07358388784454 -5.39023679576883 4.60661725710906 -3.31673894525007 -7.00269115044066 8.40664079673127 -1.43494014041228 3.99775699856583 3.4361633082843 8.34848684098765 0.814786742488193 0.606884367857267 -2.06416965972767 -0.0998835001955829 9.64606445767213 -0.192854130639637 -3.97387870827216 -6.48661940648678 -9.07297470203638 -7.4422324043401 -2.64694163124246 -4.67642322184722 -3.67142001707418 -4.11702732464301 -6.49980525235841 -5.42661035788997 6.83120174936412
6.98258611737554 -7.62004636883247 5.14400458221442 -8.43648942493633 -1.65465861831261 4.89385614148312 6.88617585390778 -0.227820523928417 3.97491664669589 3.19210505816614 -8.94646004638415 -0.359558779362875 2.77061516543676 3.90280999103474 -4.61876826627963 7.39882064716015 7.22279622786665 6.1702819177469 -7.04783556046623 5.38058170671792 7.05996310681633 -4.08932331049287 -5.82106652013729 0.108562849154058 0.990802140303959 -5.87944280989611 5.95660520423194 -5.64873381154359 0.612586077137712 -6.72860180430014 -8.71625825216203 4.68459382386626
8.67986495515101 -0.0327189603571405 5.07458188556991 -1.14643460449107 -9.00691139348516 -6.22089969934911 -6.10471420865901 1.57050122046878 -6.04380346628142 0.371898850210764 4.75716191033993 -7.58776773405675 -9.32792327867141 -8.64014463059979 5.31000033242877 -4.7044194704874 -0.302933328957963 5.10154198014167 -8.90051706187624 1.62892975750795 7.47854811723467 -3.34127436327649 8.10307118008928 5.22851773380227 -0.295411828300814 -8.26666905208936 -0.247924491321527 -4.97916307968528 6.64846772570368 3.31974432822221 5.34659021553149 1.42051745648758
3.57470309715547 9.19487917032162 -2.39108306049287 -7.86694459638831 8.05432219830562 3.7355086673063 -5.48156438055202 -5.25432840456957 -9.38918107390727 9.45949109527725 -4.61761147202888 1.79014969390118 -8.62387801763898 -4.90419686805989 -6.22676046417018 -3.63851849037882 -2.13087277569467 -2.45208910329794 7.01425348578015 8.56626124628376 -4.59411335414605 -0.658636259422952 3.50782354672494 2.62139998427187 7.80951358368877 5.43867834198215 5.37916528117738 7.85844810571954 1.94980383745159 7.88778750708486 3.42404370713071 -6.46289884749395
5.15480261156667 -3.19228546667734 1.35643281450442 9.23796161710107 8.89574379443292 -6.32977688525461 -6.58583905704283 -0.823023436401378 4.88148520734925 2.97982985424712 -1.54328769982384 -5.47624640494648 -3.60800529639008 -5.51919938351563 -4.25003653867738 -7.61570917891618 3.42862279348052 -5.67962168077211 1.2111905470977 1.60180731516883 -5.83077282497372 2.96396812932314 -0.630636001920053 -8.20216698447816 5.97920557625759 -5.8865095707048 -2.0798650956425 4.06446449112582 -3.29377338589508 0.331164167025408 4.3042502957168 9.14768045191447
4.86264936249832 1.70535501959555 -8.48291420873873 -9.90731551731865 -0.182718150638401 -2.63030807019327 -5.44671404366893 9.26177078573826 0.000448711804017066 6.00661150704803 0.957418024296894 -2.30761751261178 0.61728561388253 3.35665454027433 -8.1777307262693 8.79658940689841 4.82515886908413 5.80814435933827 8.59217733513326 -9.66034123325477 1.29959141476402 -9.49543637013927 8.24264948479246 -8.38275153739373 4.6868216739194 -2.23456737904397 -4.54122411752619 1.11475885438773 -4.01549953333787 4.05404613900951 2.84121656867704 -4.6935592761416
-2.15545960931664 -5.52376121017726 -8.92099762666786 5.49820929423005 -0.214947231999624 2.51237121459381 -1.28602631792202 0.936114374779359 -0.401557177078791 -0.92404582546161 8.85473968553869 1.65972765495348 3.08891415514133 6.88784313054409 1.52418761326014 2.91103749945047 0.401049347807735 8.98607823699594 3.93334401110455 -7.58280857802884 2.80623650325516 6.84413224838669 -7.91976850441243 5.54481073097886 -8.97336227775258 1.03557063914455 -9.25530731859344 -6.31132664484694 -0.948149168613519 -6.928192467612 -1.61903412750234 8.49161790479202
3.10955780355113 5.02534118611306 0.615951060179453 6.34606441306866 -3.24561180357246 5.60454870302754 -3.77795426699174 0.422716616080031 8.09444476134725 -1.35216992433077 -1.64511791366676 -4.96387755055374 -1.84761605917695 -3.11075177397916 3.66726486589306 -0.410735501022243 -3.0457465744495 -3.4486913184959 1.6558193035168 7.25421437399339 -1.65942096714228 1.1806508997739 4.91092147403435 8.10269488447142 -8.54229401802048 -5.420934959538 3.46589828217306 -5.75938314935359 -1.54708693559075 9.06914139772496 -2.18475835591651 -5.52459190605918
-6.57626624376876 -4.89809769081462 5.58334460204022 7.37389410727019 8.00107692835324 -8.37748462268429 8.46759284206488 -5.36811226582952 2.19733296845117 6.50627590804091 9.66104932939712 -4.19118671446041 6.39962445563881 5.61039305462716 0.931862291806455 2.78633922080217 -7.00005492336634 3.4252874090348 6.30794422954842 -0.31406977575795 -5.88048968935513 7.08199898546886 4.72534911193277 0.675439035340004 -8.22945080650559 2.83881240798375 -1.40871081496294 -8.45306383774646 -2.80787364055529 0.817681624829529 6.32280205750645 -2.5287238471471
4.12092176039218 0.119141033302848 8.68021368458366 -8.31128308978179 -2.6150643775957 8.5877194193746 -1.39585217340832 -0.222045121596661 2.35332779176909 -8.33060370282172 -3.97090102575869 2.34181768786447 4.36717886411767 3.50664131493999 -1.48542316257624 0.894322210535258 1.72184134462924 -1.22710034826089 7.58027809194355 6.89711349152526 8.95866242586337 -3.04241611345478 1.23722850563275 -7.81691575915083 5.96701728227905 -0.310392552036392 -0.965215301905289 8.27600821559136 1.16638399738594 3.59467796420934 -3.65144272688301 -8.24999300846829
-9.36334307245159 3.98153445313372 -7.4018758305254 -2.00434701802207 -7.77594489412425 5.51425357216805 -6.30367359751728 2.48120176347379 7.18884611292425 -7.33657984785677 4.02197511801853 -4.69438180379941 9.37298660462187 -9.86569371363045 2.88885562862673 2.94622960586255 -4.75709364544385 6.6700119117795 9.77823232159178 -5.81189831958131 -8.35857585804548 -1.07946703889794 -6.31611804968947 6.51617715711197 8.86016279141406 -6.96308949767467 2.19714338580432 4.13430435393861 4.85090731403878 -9.26873963903094 6.29079545801303 2.8023309649343
